2.711627197265625000e+02
2.302585124969482422e+00
5.069455504417419434e-02
4.249507561326026917e-02
3.981651971116662025e-04
0.000000000000000000e+00
4.117702303574333200e-07
2.829053649902343750e+02
3.374602556228637695e+00
5.086897313594818115e-02
4.110314697027206421e-02
3.982989292126148939e-04
0.000000000000000000e+00
4.770002419718366582e-07
2.956231994628906250e+02
3.932542562484741211e+00
5.088540539145469666e-02
4.164870455861091614e-02
3.985118528362363577e-04
9.321551343310918725e-12
6.246487487260310445e-07
2.992183227539062500e+02
4.377546310424804688e+00
5.084666982293128967e-02
4.463554918766021729e-02
3.987853706348687410e-04
1.049573206124421176e-10
7.593221766910573933e-07
3.050115356445312500e+02
4.745454788208007812e+00
5.077579990029335022e-02
4.762012138962745667e-02
3.991120902355760336e-04
4.429406286199366605e-10
9.366357858198171016e-07
3.060002746582031250e+02
5.059640407562255859e+00
5.077548325061798096e-02
5.088566988706588745e-02
3.994643629994243383e-04
1.126068349677211700e-09
1.171830149360175710e-06
3.121602783203125000e+02
5.336006641387939453e+00
5.081414803862571716e-02
5.251378938555717468e-02
3.996996383648365736e-04
2.092646944618081761e-09
1.361145336886693258e-06
3.098105468750000000e+02
5.585889816284179688e+00
5.083400383591651917e-02
5.331166088581085205e-02
3.998861066065728664e-04
6.693128273838055975e-09
1.516057750450272579e-06
3.022055358886718750e+02
5.817807197570800781e+00
5.085377022624015808e-02
5.363068729639053345e-02
4.000730987172573805e-04
1.261394100282586805e-08
1.551248146824946161e-06
2.934309692382812500e+02
6.038574695587158203e+00
5.085948109626770020e-02
5.499638617038726807e-02
4.003136127721518278e-04
2.349578842597566108e-08
1.566673745401203632e-06
2.841412353515625000e+02
6.254087924957275391e+00
5.085688084363937378e-02
5.602056160569190979e-02
4.006428644061088562e-04
3.777786616865341784e-08
1.589289468029164709e-06
2.763400878906250000e+02
6.468373298645019531e+00
5.079218000173568726e-02
5.672970041632652283e-02
4.009914409834891558e-04
5.756477960972006258e-08
1.679739625615184195e-06
2.669945983886718750e+02
6.682659149169921875e+00
5.061915889382362366e-02
5.689518898725509644e-02
4.014562000520527363e-04
8.162948006429360248e-08
1.724412072690029163e-06
2.664561767578125000e+02
6.896944522857666016e+00
5.061477422714233398e-02
5.682947114109992981e-02
4.017993633169680834e-04
1.058874588011349260e-07
1.730535700517066289e-06
2.644868469238281250e+02
7.111230373382568359e+00
5.060780048370361328e-02
5.672169849276542664e-02
4.021185159217566252e-04
1.312552626586693805e-07
1.767437652233638801e-06
2.663394470214843750e+02
7.325516223907470703e+00
5.057078972458839417e-02
5.598966777324676514e-02
4.023196524940431118e-04
1.685804420503700385e-07
1.802820065677224193e-06
2.674783935546875000e+02
7.539802074432373047e+00
5.049066618084907532e-02
5.464456975460052490e-02
4.024274821858853102e-04
2.036554747064656112e-07
1.826483526201627683e-06
2.593363647460937500e+02
7.754087448120117188e+00
5.043432489037513733e-02
5.295297876000404358e-02
4.026856622658669949e-04
2.388745201642450411e-07
1.848143597271700855e-06
2.517757263183593750e+02
7.968373298645019531e+00
5.029132217168807983e-02
5.190233886241912842e-02
4.030255950056016445e-04
2.707670034851616947e-07
1.849032742029521614e-06
2.511120605468750000e+02
8.182659149169921875e+00
4.999322444200515747e-02
4.990971833467483521e-02
4.038892511744052172e-04
2.953263731342303799e-07
1.856533231148205232e-06
2.494164276123046875e+02
8.396944999694824219e+00
4.962260648608207703e-02
4.872808605432510376e-02
4.046512476634234190e-04
3.102247205788444262e-07
1.868481376732233912e-06
2.470921325683593750e+02
8.605636596679687500e+00
5.089274048805236816e-02
4.633964598178863525e-02
4.056853067595511675e-04
3.203761025361018255e-07
1.878043008218810428e-06
2.425905303955078125e+02
8.804224014282226562e+00
5.312309786677360535e-02
4.485547915101051331e-02
4.072176816407591105e-04
3.286624803422455443e-07
1.909261072796653025e-06
2.401380462646484375e+02
8.992164611816406250e+00
5.717773735523223877e-02
4.322216287255287170e-02
4.082028171978890896e-04
3.311568832486955216e-07
1.924165189848281443e-06
2.390343475341796875e+02
9.169407844543457031e+00
6.325018405914306641e-02
4.147754982113838196e-02
4.102799284737557173e-04
3.319032657600473613e-07
1.974744463950628415e-06
2.381934204101562500e+02
9.336702346801757812e+00
6.696674972772598267e-02
3.959264606237411499e-02
4.114288894925266504e-04
3.321324868466035696e-07
2.017358383454848081e-06
2.367923889160156250e+02
9.494791030883789062e+00
7.692871987819671631e-02
3.851062431931495667e-02
4.119402146898210049e-04
3.324166470974887488e-07
1.995015963984769769e-06
2.364640960693359375e+02
9.644311904907226562e+00
9.339816868305206299e-02
3.620806336402893066e-02
4.125339910387992859e-04
3.327007789266644977e-07
1.991361614273046143e-06
2.374657745361328125e+02
9.785768508911132812e+00
1.147164851427078247e-01
3.379089012742042542e-02
4.122317186556756496e-04
3.328142383907106705e-07
1.989085376408183947e-06
2.387943420410156250e+02
9.919569015502929688e+00
1.404865831136703491e-01
3.182742372155189514e-02
4.132320755161345005e-04
3.328209459141362458e-07
1.988233861993649043e-06
2.402189331054687500e+02
1.004606914520263672e+01
1.652222573757171631e-01
3.005839511752128601e-02
4.137901996728032827e-04
3.327557180909934686e-07
1.985138396776164882e-06
2.428413085937500000e+02
1.016584491729736328e+01
1.898807287216186523e-01
2.848738245666027069e-02
4.136786155868321657e-04
3.326895523514394881e-07
1.976994099095463753e-06
2.477520904541015625e+02
1.027950096130371094e+01
2.140436023473739624e-01
2.676972188055515289e-02
4.140171222388744354e-04
3.326416333493398270e-07
1.990268174267839640e-06
2.532724456787109375e+02
1.038738727569580078e+01
2.371531277894973755e-01
2.499769628047943115e-02
4.145381681155413389e-04
3.326472892695164774e-07
1.985162271012086421e-06
2.585137023925781250e+02
1.048971176147460938e+01
2.577203214168548584e-01
2.344155311584472656e-02
4.138315562158823013e-04
3.326696571548382053e-07
1.989401198443374597e-06
2.628378295898437500e+02
1.058661365509033203e+01
2.767301499843597412e-01
2.224517613649368286e-02
4.145049315411597490e-04
3.326914281842618948e-07
1.990635155380005017e-06
2.664306640625000000e+02
1.067819309234619141e+01
2.947849929332733154e-01
2.108721062541007996e-02
4.144755075685679913e-04
3.327125739360781154e-07
2.007863486142014153e-06
2.707352294921875000e+02
1.076454257965087891e+01
3.091001212596893311e-01
2.051552757620811462e-02
4.147666331846266985e-04
3.327313891077210428e-07
2.005220721912337467e-06
2.742551879882812500e+02
1.084575080871582031e+01
3.240911364555358887e-01
2.005269937217235565e-02
4.150614840909838676e-04
3.329438982291321736e-07
2.016507323787664063e-06
2.771798706054687500e+02
1.092190933227539062e+01
3.345018029212951660e-01
1.976802758872509003e-02
4.162388795521110296e-04
3.331662981054250849e-07
2.031926669587846845e-06
2.800283813476562500e+02
1.099311542510986328e+01
3.439691960811614990e-01
1.976000890135765076e-02
4.171037871856242418e-04
3.332434062031097710e-07
2.044498842224129476e-06
2.830764160156250000e+02
1.105947017669677734e+01
3.548754155635833740e-01
1.972255855798721313e-02
4.174761415924876928e-04
3.333011875383817824e-07
2.047197540377965197e-06
2.866245727539062500e+02
1.112107753753662109e+01
3.643566966056823730e-01
1.883878745138645172e-02
4.189074097666889429e-04
3.333138067773688817e-07
2.066849901893874630e-06
2.907987365722656250e+02
1.117804718017578125e+01
3.723099529743194580e-01
1.852606236934661865e-02
4.224181466270238161e-04
3.333945528538606595e-07
2.105889734593802132e-06
2.938039550781250000e+02
1.123048782348632812e+01
3.831577599048614502e-01
1.904599182307720184e-02
4.217423265799880028e-04
3.334540679134079255e-07
2.122854766639648005e-06
2.968788146972656250e+02
1.127851104736328125e+01
3.921898603439331055e-01
1.920386776328086853e-02
4.253406368661671877e-04
3.335130145387665834e-07
2.134891246896586381e-06
3.000659484863281250e+02
1.132223033905029297e+01
3.985909819602966309e-01
1.912567764520645142e-02
4.264671879354864359e-04
3.335744622745551169e-07
2.153639798052608967e-06
3.031596679687500000e+02
1.136176300048828125e+01
4.035790562629699707e-01
1.961484178900718689e-02
4.270844219718128443e-04
3.336733129799540620e-07
2.193637783420854248e-06
3.059454345703125000e+02
1.139722633361816406e+01
4.085882902145385742e-01
2.023405954241752625e-02
4.275755491107702255e-04
3.339107195188262267e-07
2.219745738329947926e-06
3.084063415527343750e+02
1.142874526977539062e+01
4.130796492099761963e-01
2.099975757300853729e-02
4.276356485206633806e-04
3.341791341426869622e-07
2.289043777636834420e-06
3.104937438964843750e+02
1.145645427703857422e+01
4.160134196281433105e-01
2.075601927936077118e-02
4.279255226720124483e-04
3.346375763157993788e-07
2.444209940222208388e-06
3.125168457031250000e+02
1.148049545288085938e+01
4.185141026973724365e-01
2.069744653999805450e-02
4.331596137490123510e-04
3.348752670717658475e-07
2.484547621861565858e-06
3.143038635253906250e+02
1.150102806091308594e+01
4.200115203857421875e-01
2.103358134627342224e-02
4.406934895087033510e-04
3.350664314893947449e-07
2.458325980114750564e-06
3.158113403320312500e+02
1.151822948455810547e+01
4.239237904548645020e-01
2.160479128360748291e-02
4.496432084124535322e-04
3.352319311034079874e-07
2.470185791025869548e-06
3.170531311035156250e+02
1.153230381011962891e+01
4.302638471126556396e-01
2.150768227875232697e-02
4.595211357809603214e-04
3.357848754603764974e-07
2.727087348830536939e-06
3.180445251464843750e+02
1.154348850250244141e+01
4.320668578147888184e-01
2.125241421163082123e-02
4.708694759756326675e-04
3.364409622008679435e-07
2.838147111106081866e-06
3.188062744140625000e+02
1.155206203460693359e+01
4.417980015277862549e-01
2.078053355216979980e-02
4.829228855669498444e-04
3.372174717242160114e-07
3.374921334398095496e-06
3.193677673339843750e+02
1.155835151672363281e+01
4.456826150417327881e-01
2.013040520250797272e-02
4.930372233502566814e-04
3.379374220457975753e-07
3.404980816412717104e-06
3.197659606933593750e+02
1.156274700164794922e+01
4.463491737842559814e-01
1.961731724441051483e-02
5.587331252172589302e-04
3.384502065273409244e-07
3.424519263717229478e-06
3.201049804687500000e+02
1.156571006774902344e+01
4.467628300189971924e-01
1.946200989186763763e-02
6.595454178750514984e-04
3.384502065273409244e-07
5.088027137389872223e-06
0.000000000000000000e+00
0.000000000000000000e+00
0.000000000000000000e+00
0.000000000000000000e+00
0.000000000000000000e+00
0.000000000000000000e+00
0.000000000000000000e+00
0.000000000000000000e+00
0.000000000000000000e+00
0.000000000000000000e+00
0.000000000000000000e+00
0.000000000000000000e+00
0.000000000000000000e+00
0.000000000000000000e+00
0.000000000000000000e+00
0.000000000000000000e+00
0.000000000000000000e+00
0.000000000000000000e+00
0.000000000000000000e+00
0.000000000000000000e+00
0.000000000000000000e+00
0.000000000000000000e+00
0.000000000000000000e+00
0.000000000000000000e+00
0.000000000000000000e+00
0.000000000000000000e+00
0.000000000000000000e+00
0.000000000000000000e+00
0.000000000000000000e+00
0.000000000000000000e+00
0.000000000000000000e+00
2.788704335689544678e-01
4.715532958507537842e-01
1.314349651336669922e+00
9.801375389099121094e+00
1.903629112243652344e+01
3.545120620727539062e+01
6.876513671875000000e+01
9.568484497070312500e+01
1.132801361083984375e+02
1.171793670654296875e+02
1.103461685180664062e+02
9.483903503417968750e+01
7.587675476074218750e+01
8.051946258544921875e+01
7.980829620361328125e+01
1.455768585205078125e+02
1.555373687744140625e+02
1.341182556152343750e+02
9.062842559814453125e+01
8.017453002929687500e+01
7.766251373291015625e+01
6.420037078857421875e+01
7.354267120361328125e+01
3.977998352050781250e+01
2.039158439636230469e+01
1.450264739990234375e+01
1.181176853179931641e+01
1.347237968444824219e+01
7.993974208831787109e+00
0.000000000000000000e+00
0.000000000000000000e+00
0.000000000000000000e+00
0.000000000000000000e+00
0.000000000000000000e+00
0.000000000000000000e+00
0.000000000000000000e+00
0.000000000000000000e+00
0.000000000000000000e+00
0.000000000000000000e+00
0.000000000000000000e+00
0.000000000000000000e+00
0.000000000000000000e+00
0.000000000000000000e+00
0.000000000000000000e+00
0.000000000000000000e+00
0.000000000000000000e+00
0.000000000000000000e+00
0.000000000000000000e+00
0.000000000000000000e+00
0.000000000000000000e+00
2.302068984135985374e-03
1.114825308322906494e-01
2.112039804458618164e+00
1.023690795898437500e+01
1.551578712463378906e+01
2.386492919921875000e+01
3.867719268798828125e+01
5.839342498779296875e+01
7.858774566650390625e+01
9.481399536132812500e+01
8.771367645263671875e+01
6.791433715820312500e+01
6.477227020263671875e+01
6.983513641357421875e+01
8.690424346923828125e+01
8.938771057128906250e+01
6.789273071289062500e+01
6.983810424804687500e+01
4.847655487060546875e+01
3.683805084228515625e+01
2.768743324279785156e+01
2.686221694946289062e+01
2.340925216674804688e+01
2.068452453613281250e+01
2.336220359802246094e+01
2.014109230041503906e+01
1.374004268646240234e+01
1.214311122894287109e+01
1.264397716522216797e+01
1.034497070312500000e+01
6.406743049621582031e+00
3.920542240142822266e+00
2.926115274429321289e+00
2.576526165008544922e+00
2.037358760833740234e+00
1.488030076026916504e+00
1.033405900001525879e+00
7.488873600959777832e-01
4.083987772464752197e-01
1.000000000000000000e+00
8.499960303306579590e-01
1.431681762695300000e+03
