3.258284606933593750e+02
3.258206481933593750e+02
3.258145141601562500e+02
3.258096618652343750e+02
3.258070373535156250e+02
3.258090515136718750e+02
3.258182678222656250e+02
3.258377075195312500e+02
3.258706970214843750e+02
3.259205932617187500e+02
3.259908752441406250e+02
3.260862426757812500e+02
3.262127380371093750e+02
3.263755798339843750e+02
3.265785827636718750e+02
3.268231506347656250e+02
3.271044921875000000e+02
3.274071350097656250e+02
3.277063293457031250e+02
3.279714965820312500e+02
3.281775817871093750e+02
3.282991333007812500e+02
3.283116760253906250e+02
3.281979064941406250e+02
3.279542846679687500e+02
3.275750427246093750e+02
3.270294494628906250e+02
3.262357788085937500e+02
3.250972595214843750e+02
3.234973449707031250e+02
3.213303222656250000e+02
3.186277770996093750e+02
3.155810852050781250e+02
3.123757019042968750e+02
3.091025085449218750e+02
3.057990722656250000e+02
3.024342346191406250e+02
2.987489318847656250e+02
2.939693908691406250e+02
2.870595092773437500e+02
2.781813049316406250e+02
2.685343933105468750e+02
2.602015686035156250e+02
2.523574523925781250e+02
2.437076110839843750e+02
2.332882537841796875e+02
2.207067260742187500e+02
2.058141479492187500e+02
1.865016479492187500e+02
1.637459411621093750e+02
1.419626464843750000e+02
1.246719207763671875e+02
1.121159439086914062e+02
1.041490097045898438e+02
9.961027526855468750e+01
9.705924987792968750e+01
9.570729064941406250e+01
9.498530578613281250e+01
9.456747436523437500e+01
9.421780395507812500e+01
9.407916259765625000e+01
8.994205322265625000e+02
8.991649169921875000e+02
8.987756347656250000e+02
8.982239990234375000e+02
8.974680175781250000e+02
8.965244140625000000e+02
8.954400024414062500e+02
8.942904663085937500e+02
8.931276855468750000e+02
8.919780273437500000e+02
8.908357543945312500e+02
8.896683349609375000e+02
8.884421386718750000e+02
8.871401367187500000e+02
8.857635498046875000e+02
8.843065795898437500e+02
8.827777099609375000e+02
8.811976318359375000e+02
8.795935668945312500e+02
8.779945068359375000e+02
8.763971557617187500e+02
8.748180541992187500e+02
8.732958984375000000e+02
8.718527221679687500e+02
8.704597778320312500e+02
8.690296630859375000e+02
8.674154663085937500e+02
8.654251708984375000e+02
8.628415527343750000e+02
8.594078979492187500e+02
8.548522949218750000e+02
8.491030273437500000e+02
8.423473510742187500e+02
8.348233642578125000e+02
8.266726074218750000e+02
8.179670410156250000e+02
8.087151489257812500e+02
7.986593017578125000e+02
7.869650268554687500e+02
7.726110229492187500e+02
7.560202026367187500e+02
7.386729125976562500e+02
7.228365478515625000e+02
7.075839233398437500e+02
6.915645141601562500e+02
6.737847900390625000e+02
6.539188232421875000e+02
6.319004516601562500e+02
6.054987182617187500e+02
5.760394897460937500e+02
5.484326171875000000e+02
5.263723144531250000e+02
5.099771118164062500e+02
4.989715576171875000e+02
4.920345458984375000e+02
4.876127319335937500e+02
4.848328857421875000e+02
4.830481567382812500e+02
4.818643798828125000e+02
4.809759216308593750e+02
4.805317993164062500e+02
4.261459960937500000e+02
4.261459960937500000e+02
4.261459960937500000e+02
4.261459960937500000e+02
4.261459960937500000e+02
4.261459960937500000e+02
4.261459960937500000e+02
4.261459960937500000e+02
4.261459960937500000e+02
4.261459960937500000e+02
4.261459960937500000e+02
4.261459960937500000e+02
4.261459960937500000e+02
4.261459960937500000e+02
4.261459960937500000e+02
4.261459960937500000e+02
4.261459960937500000e+02
4.261459960937500000e+02
4.261459960937500000e+02
4.261459960937500000e+02
4.261459960937500000e+02
4.261459960937500000e+02
4.261459960937500000e+02
4.261459960937500000e+02
4.261459960937500000e+02
4.261459960937500000e+02
4.261459960937500000e+02
4.261459960937500000e+02
4.261459960937500000e+02
4.261459960937500000e+02
4.261459960937500000e+02
4.261459960937500000e+02
4.261459960937500000e+02
4.261459960937500000e+02
4.261459960937500000e+02
4.261459960937500000e+02
4.261459960937500000e+02
4.261459960937500000e+02
4.261459960937500000e+02
4.261459960937500000e+02
4.261459960937500000e+02
4.261459960937500000e+02
4.261459960937500000e+02
4.261459960937500000e+02
4.261459960937500000e+02
4.261459960937500000e+02
4.261459960937500000e+02
4.261459960937500000e+02
4.261459960937500000e+02
4.261459960937500000e+02
4.261459960937500000e+02
4.261459960937500000e+02
4.261459960937500000e+02
4.261459960937500000e+02
4.261459960937500000e+02
4.261459960937500000e+02
4.261459960937500000e+02
4.261459960937500000e+02
4.261459960937500000e+02
4.261459960937500000e+02
4.261459960937500000e+02
4.261459960937500000e+02
4.261459960937500000e+02
4.261459960937500000e+02
