1.067603833841005567e+01
1.576587895856807719e+01
1.830690935748632597e+01
1.986667575989070755e+01
2.049772595259608110e+01
1.993525269511752640e+01
1.809092961576858372e+01
1.570518525871462678e+01
1.326692303472004042e+01
1.113292629055350957e+01
9.470132954444038020e+00
8.206609385565917236e+00
7.172670724764467209e+00
6.242713018738671238e+00
5.427580989529726452e+00
4.660532869741702555e+00
3.912340020118301176e+00
3.192086231935408414e+00
2.523590085873877786e+00
1.970386633373532703e+00
1.524099483378431819e+00
1.162579410861096729e+00
8.709381043766022401e-01
6.612764088403610963e-01
5.378701331875377356e-01
4.919603318605235698e-01
5.006639126651227789e-01
5.546834995482826658e-01
6.510106080154178798e-01
7.903173899413860060e-01
9.453196427673725699e-01
1.084117525181173436e+00
1.194668182124942968e+00
1.284392030954282893e+00
1.362790485735156709e+00
1.432378694058987767e+00
1.505327700529880408e+00
1.598040205971638095e+00
1.695208493403657979e+00
1.744215594340286613e+00
1.742990120338830051e+00
1.713396560055247431e+00
1.719209801517526115e+00
1.752254045365320367e+00
1.808654379331467110e+00
1.866863703384457285e+00
1.923852963549584683e+00
2.036513282754953469e+00
2.078292838525885866e+00
1.981113529840122123e+00
1.810523329691664740e+00
1.655315357523789555e+00
1.518802921196469757e+00
1.421896489199335090e+00
1.352270389262182793e+00
1.301469022812670406e+00
1.271701124248844739e+00
1.260784207705270443e+00
1.277183582991609168e+00
1.275920068902313353e+00
8.994205590478586601e+02
8.991649351623718758e+02
8.987756180460153246e+02
8.982239835531629524e+02
8.974680135023602361e+02
8.965244186382548151e+02
8.954400273656717673e+02
8.942904453245461127e+02
8.931276930541716865e+02
8.919780424280939997e+02
8.908357613829660977e+02
8.896683341120678961e+02
8.884421128313988447e+02
8.871401266657372844e+02
8.857635457392101443e+02
8.843065940467162136e+02
8.827777360026178712e+02
8.811976140295294044e+02
8.795935773195163847e+02
8.779945039923837840e+02
8.763971706911048614e+02
8.748180614596543592e+02
8.732959210250635351e+02
8.718527460223183425e+02
8.704597738573435208e+02
8.690296718884285383e+02
8.674154738996554670e+02
8.654251952062110149e+02
8.628415517477515095e+02
8.594079216888655992e+02
8.548522671723701478e+02
8.491030506523208032e+02
8.423473720282845534e+02
8.348233915212473448e+02
8.266726083358040569e+02
8.179670251614176095e+02
8.087151185082124130e+02
7.986592846351902608e+02
7.869650216650425136e+02
7.726110047413063739e+02
7.560201792583791303e+02
7.386728931302986894e+02
7.228365688445721844e+02
7.075839492815481435e+02
6.915645251413285450e+02
6.737847923113992010e+02
6.539188125617760079e+02
6.319004381525564895e+02
6.054987412763146040e+02
5.760395138353696893e+02
5.484325877079721749e+02
5.263723035483619697e+02
5.099771011757946440e+02
4.989715663123394620e+02
4.920345500255995148e+02
4.876127271434817771e+02
4.848328952891454833e+02
4.830481535775966222e+02
4.818643874818478139e+02
4.809759149729367209e+02
4.805318032822647183e+02
3.258284538659531790e+02
3.258206497397249564e+02
3.258145191628785824e+02
3.258096770945389835e+02
3.258070383006813131e+02
3.258090629653972314e+02
3.258182622812258842e+02
3.258376976827077556e+02
3.258707037470136356e+02
3.259205792622818194e+02
3.259908874549417988e+02
3.260862431163440647e+02
3.262127338465466551e+02
3.263755721737393856e+02
3.265785698064422604e+02
3.268231381838328389e+02
3.271044928254637512e+02
3.274071250285193173e+02
3.277063339418012902e+02
3.279715019508528826e+02
3.281775921553036710e+02
3.282991406909201260e+02
3.283116868414540477e+02
3.281979121864509352e+02
3.279542844899562510e+02
3.275750497491259807e+02
3.270294601638600511e+02
3.262357753363747861e+02
3.250972711961770756e+02
3.234973581539524048e+02
3.213303327761669834e+02
3.186277777770980606e+02
3.155810738342060517e+02
3.123756993252707161e+02
3.091024946461625973e+02
3.057990863135223663e+02
3.024342318246657442e+02
2.987489291724897384e+02
2.939694027560934728e+02
2.870595204491871186e+02
2.781812902317894327e+02
2.685344022793440786e+02
2.602015775200017629e+02
2.523574547225341007e+02
2.437076035289774154e+02
2.332882527226813636e+02
2.207067296005786829e+02
2.058141494185030638e+02
1.865016443563732196e+02
1.637459391650295402e+02
1.419626415107903483e+02
1.246719229231166253e+02
1.121159444194512673e+02
1.041490102020748765e+02
9.961027830518754911e+01
9.705925295255228491e+01
9.570729425759522258e+01
9.498530893499233230e+01
9.456747368166837475e+01
9.421780191556240425e+01
9.407916475814690216e+01
4.244137805136413704e+02
