1.067603868971430003e+01
1.576587931793803321e+01
1.830690899086722823e+01
1.986667542548119414e+01
2.049772640385020850e+01
1.993525346841611068e+01
1.809093051043954148e+01
1.570518501516193588e+01
1.326692331442935746e+01
1.113292643617524291e+01
9.470132454628991781e+00
8.206609546745124106e+00
7.172670645820455881e+00
6.242712817707603890e+00
5.427580912895010989e+00
4.660532976106455116e+00
3.912340095016639818e+00
3.192086304188564760e+00
2.523590024622019534e+00
1.970386718612644916e+00
1.524099464015451488e+00
1.162579406035178398e+00
8.709381008598438001e-01
6.612764267830701925e-01
5.378701203377980189e-01
4.919603141064649021e-01
5.006639070842635597e-01
5.546834997501866038e-01
6.510105921626302417e-01
7.903174009898631391e-01
9.453196176216616120e-01
1.084117527681430326e+00
1.194668153145432843e+00
1.284392054281129125e+00
1.362790535575375772e+00
1.432378658598850052e+00
1.505327657523049867e+00
1.598040178708562298e+00
1.695208479868338003e+00
1.744215578165608793e+00
1.742990077535296889e+00
1.713396579707238798e+00
1.719209808521161564e+00
1.752254084224881492e+00
1.808654439892812604e+00
1.866863725043440780e+00
1.923852890184544417e+00
2.036513319872093053e+00
2.078292866685955254e+00
1.981113513742066790e+00
1.810523290038040134e+00
1.655315325227677548e+00
1.518802886218578951e+00
1.421896457292736393e+00
1.352270425618537164e+00
1.301469040859560611e+00
1.271701136970930790e+00
1.260784245237478896e+00
1.277183610083324261e+00
1.275920083109270520e+00
3.258284538659531790e+02
9.421780191556240425e+01
8.994205590478586601e+02
4.809759149729367209e+02
1.515057983398437500e+02
1.515057983398437500e+02
1.515057983398437500e+02
1.515057983398437500e+02
1.515057983398437500e+02
1.515057983398437500e+02
1.515057983398437500e+02
1.515057983398437500e+02
1.515057983398437500e+02
1.515057983398437500e+02
1.515057983398437500e+02
1.515057983398437500e+02
1.515057983398437500e+02
1.515057983398437500e+02
1.515057983398437500e+02
1.515057983398437500e+02
1.515057983398437500e+02
1.515057983398437500e+02
1.515057983398437500e+02
1.515057983398437500e+02
1.515057983398437500e+02
1.515057983398437500e+02
1.515057983398437500e+02
1.515057983398437500e+02
1.515057983398437500e+02
1.515057983398437500e+02
1.515057983398437500e+02
1.515057983398437500e+02
1.515057983398437500e+02
1.515057983398437500e+02
1.515057983398437500e+02
1.515057983398437500e+02
1.515057983398437500e+02
1.515057983398437500e+02
1.515057983398437500e+02
1.515057983398437500e+02
1.515057983398437500e+02
1.515057983398437500e+02
1.515057983398437500e+02
1.515057983398437500e+02
1.515057983398437500e+02
1.515057983398437500e+02
1.515057983398437500e+02
1.515057983398437500e+02
1.515057983398437500e+02
1.515057983398437500e+02
1.515057983398437500e+02
1.515057983398437500e+02
1.515057983398437500e+02
1.515057983398437500e+02
1.515057983398437500e+02
1.515057983398437500e+02
1.515057983398437500e+02
1.515057983398437500e+02
1.515057983398437500e+02
1.515057983398437500e+02
1.515057983398437500e+02
1.515057983398437500e+02
1.515057983398437500e+02
1.515057983398437500e+02
1.515057983398437500e+02
1.515057983398437500e+02
1.515057983398437500e+02
1.515057983398437500e+02
