2.110786743164062500e+02
2.302585124969482422e+00
4.993774369359016418e-02
2.489185146987438202e-02
3.801600541919469833e-04
1.280979944340288057e-07
0.000000000000000000e+00
2.181047668457031250e+02
3.374602556228637695e+00
5.000869184732437134e-02
3.077295050024986267e-02
3.801718121394515038e-04
1.331743249011196895e-07
0.000000000000000000e+00
2.114765167236328125e+02
3.932542324066162109e+00
4.944395646452903748e-02
3.219046816229820251e-02
3.801662242040038109e-04
1.362999881848736550e-07
0.000000000000000000e+00
2.054437561035156250e+02
4.377546310424804688e+00
4.887310415506362915e-02
3.318435698747634888e-02
3.801911079790443182e-04
1.409930519002955407e-07
0.000000000000000000e+00
2.003919677734375000e+02
4.745454788208007812e+00
4.776885733008384705e-02
3.360052779316902161e-02
3.802285646088421345e-04
1.491944772169517819e-07
0.000000000000000000e+00
2.006266632080078125e+02
5.059640407562255859e+00
4.658400639891624451e-02
3.548166900873184204e-02
3.802656428888440132e-04
1.640054989593409118e-07
0.000000000000000000e+00
2.014394226074218750e+02
5.336006641387939453e+00
4.605240747332572937e-02
3.604769334197044373e-02
3.802549908868968487e-04
1.808300709171817289e-07
0.000000000000000000e+00
2.000031127929687500e+02
5.585889816284179688e+00
4.558720812201499939e-02
3.551567718386650085e-02
3.802537103183567524e-04
1.620140892555355094e-07
0.000000000000000000e+00
1.969549560546875000e+02
5.817806720733642578e+00
4.541969671845436096e-02
3.572848811745643616e-02
3.801386628765612841e-04
1.360249513027156354e-07
0.000000000000000000e+00
1.971061248779296875e+02
6.038574695587158203e+00
4.536636546254158020e-02
3.743196278810501099e-02
3.798576944973319769e-04
1.275584651239114464e-07
0.000000000000000000e+00
1.910297851562500000e+02
6.254087448120117188e+00
4.526267945766448975e-02
3.814011812210083008e-02
3.799162514042109251e-04
1.273513703381468076e-07
0.000000000000000000e+00
1.866038055419921875e+02
6.468373298645019531e+00
4.492722824215888977e-02
3.764327988028526306e-02
3.800042613875120878e-04
1.301604442005555029e-07
0.000000000000000000e+00
1.849349670410156250e+02
6.682658672332763672e+00
4.474752023816108704e-02
3.746338933706283569e-02
3.796860983129590750e-04
1.535817943931760965e-07
0.000000000000000000e+00
1.849178771972656250e+02
6.896944522857666016e+00
4.454291984438896179e-02
3.731522336602210999e-02
3.795551892835646868e-04
2.187993430879942025e-07
0.000000000000000000e+00
1.829501190185546875e+02
7.111230373382568359e+00
4.432117938995361328e-02
3.761986643075942993e-02
3.791698836721479893e-04
2.724879948345915182e-07
3.768570091405853972e-12
1.810576629638671875e+02
7.325516223907470703e+00
4.424539208412170410e-02
3.770992532372474670e-02
3.790438349824398756e-04
2.705171482375590131e-07
7.457619938255888314e-11
1.787113800048828125e+02
7.539801597595214844e+00
4.122131690382957458e-02
3.747102245688438416e-02
3.787738678511232138e-04
2.708191857436759165e-07
3.651787205960488336e-10
1.786434631347656250e+02
7.754087448120117188e+00
3.748071566224098206e-02
3.731824457645416260e-02
3.787566383834928274e-04
2.783379784432327142e-07
3.225668621098520816e-09
1.778863220214843750e+02
7.968373298645019531e+00
3.474628180265426636e-02
3.617213666439056396e-02
3.787513414863497019e-04
2.745615859112149337e-07
1.007783101414361226e-08
1.776173706054687500e+02
8.182659149169921875e+00
3.259949013590812683e-02
3.088317438960075378e-02
3.787513996940106153e-04
3.053596060453855898e-07
2.214556360513597610e-08
1.782488098144531250e+02
8.396944046020507812e+00
3.196177259087562561e-02
2.364054322242736816e-02
3.787983732763677835e-04
3.721432051406736718e-07
3.709835283416396123e-08
1.796148681640625000e+02
8.605636596679687500e+00
3.141331300139427185e-02
2.787146950140595436e-04
3.791394410654902458e-04
5.039636334913666360e-07
5.792366408741145278e-08
1.802082977294921875e+02
8.804224014282226562e+00
3.029161691665649414e-02
1.119366660714149475e-02
3.794848453253507614e-04
6.022788738846429624e-07
8.368983372974980739e-08
1.775616760253906250e+02
8.991921424865722656e+00
2.544213272631168365e-02
2.787146950140595436e-04
3.799995174631476402e-04
7.849527037251391448e-07
1.184540039389503363e-07
1.816228332519531250e+02
9.167962074279785156e+00
2.986434102058410645e-02
1.558917225338518620e-03
3.806771710515022278e-04
1.025811457111558411e-06
1.589043421290625702e-07
1.825340728759765625e+02
9.331508636474609375e+00
2.949265204370021820e-02
2.787146950140595436e-04
3.813635266851633787e-04
1.219419004883093294e-06
1.937630571546833380e-07
1.833097229003906250e+02
9.481305122375488281e+00
2.889877371490001678e-02
2.779573900625109673e-03
3.813886723946779966e-04
1.409302740285056643e-06
2.227713338243120234e-07
1.845151519775390625e+02
9.616798400878906250e+00
0.000000000000000000e+00
9.905971586704254150e-03
3.812214708887040615e-04
1.501587462371389847e-06
2.472671383202396100e-07
1.855874938964843750e+02
9.738460540771484375e+00
2.964047901332378387e-02
9.894962422549724579e-03
3.815555246546864510e-04
1.548467139400599990e-06
2.622231818349973764e-07
1.880633697509765625e+02
9.847419738769531250e+00
3.224741294980049133e-02
1.027933880686759949e-02
3.790434275288134813e-04
1.632804128348652739e-06
2.759497874649241567e-07
1.919710693359375000e+02
9.945089340209960938e+00
3.376745060086250305e-02
1.064510829746723175e-02
3.783557040151208639e-04
1.679374122431909200e-06
2.923534339061006904e-07
1.950990753173828125e+02
1.003306579589843750e+01
1.630883477628231049e-02
1.088175270706415176e-02
3.790968039538711309e-04
1.680498030509625096e-06
3.015564971065032296e-07
1.974709320068359375e+02
1.011284446716308594e+01
1.273627299815416336e-02
1.074163429439067841e-02
3.787123132497072220e-04
1.688908469077432528e-06
3.083306125972740119e-07
2.002770233154296875e+02
1.018557167053222656e+01
1.734056323766708374e-02
1.101417746394872665e-02
3.786920569837093353e-04
1.701250994301517494e-06
3.129330536921770545e-07
2.014967803955078125e+02
1.025214481353759766e+01
1.137192454189062119e-02
1.105690747499465942e-02
3.787890018429607153e-04
1.699373569863382727e-06
3.158860693019960308e-07
2.029051971435546875e+02
1.031328010559082031e+01
0.000000000000000000e+00
1.088286656886339188e-02
3.780916449613869190e-04
1.707991941657382995e-06
3.182578893756726757e-07
2.047957916259765625e+02
1.036955738067626953e+01
1.424061693251132965e-02
1.082651223987340927e-02
3.784682776313275099e-04
1.712860694169648923e-06
3.195760598373453831e-07
2.069619140625000000e+02
1.042145156860351562e+01
0.000000000000000000e+00
1.083262357860803604e-02
3.778577665798366070e-04
1.714109089334669989e-06
3.205778682513482636e-07
2.092358398437500000e+02
1.046935939788818359e+01
0.000000000000000000e+00
1.078165881335735321e-02
3.766092995647341013e-04
1.716004476293164771e-06
3.208561452083813492e-07
2.114267120361328125e+02
1.051361179351806641e+01
1.551601756364107132e-02
1.059670746326446533e-02
3.752420016098767519e-04
1.713199139885546174e-06
3.210480201687460067e-07
2.133288269042968750e+02
1.055449008941650391e+01
1.556549686938524246e-02
1.018031872808933258e-02
3.751501790247857571e-04
1.699548079159285408e-06
3.211743546671641525e-07
2.149007415771484375e+02
1.059223461151123047e+01
1.903873868286609650e-02
1.035203225910663605e-02
3.756778896786272526e-04
1.693573835837014485e-06
3.212498711491207359e-07
2.164367218017578125e+02
1.062705421447753906e+01
1.752127520740032196e-02
9.812449105083942413e-03
3.747258160728961229e-04
1.700748839539301116e-06
3.212909405192476697e-07
2.179133148193359375e+02
1.065913009643554688e+01
1.757878623902797699e-02
9.381633251905441284e-03
3.717689542099833488e-04
1.702073859632946551e-06
3.213072830021701520e-07
2.191249847412109375e+02
1.068861961364746094e+01
2.491850964725017548e-02
9.542073123157024384e-03
3.719634260050952435e-04
1.702745180409692694e-06
3.213095567389245844e-07
2.199156799316406250e+02
1.071566581726074219e+01
2.604012750089168549e-02
9.127551689743995667e-03
3.719674132298678160e-04
1.704055534901272040e-06
3.213108357158489525e-07
2.206294403076171875e+02
1.074039363861083984e+01
2.872376516461372375e-02
8.716338314116001129e-03
3.692099708132445812e-04
1.709142338768288027e-06
3.213108357158489525e-07
2.213066101074218750e+02
1.076291561126708984e+01
3.408686816692352295e-02
8.463490754365921021e-03
3.684823459479957819e-04
1.713141500658821315e-06
3.213133084045693977e-07
2.216902618408203125e+02
1.078333568572998047e+01
3.500127047300338745e-02
8.323061279952526093e-03
3.676823107525706291e-04
1.714242898742668331e-06
3.213194190720969345e-07
2.219499053955078125e+02
1.080175018310546875e+01
4.766527190804481506e-02
8.150543086230754852e-03
3.653608728200197220e-04
1.715156486170599237e-06
3.213208401575684547e-07
2.219915161132812500e+02
1.081824779510498047e+01
6.783321499824523926e-02
7.750234100967645645e-03
3.641021321527659893e-04
1.713454935270419810e-06
3.213208401575684547e-07
2.215460968017578125e+02
1.083291244506835938e+01
7.346486300230026245e-02
7.558360695838928223e-03
3.634234890341758728e-04
1.713916503831569571e-06
3.213208401575684547e-07
2.207405395507812500e+02
1.084582614898681641e+01
6.028643250465393066e-02
7.552594412118196487e-03
3.631654835771769285e-04
1.714230620564194396e-06
3.211972057215461973e-07
2.187867584228515625e+02
1.085706806182861328e+01
7.688735425472259521e-02
7.499750237911939621e-03
3.630458668339997530e-04
1.714298150545801036e-06
3.210242880413716193e-07
2.163715209960937500e+02
1.086671733856201172e+01
7.037056237459182739e-02
6.293573416769504547e-03
3.628436534199863672e-04
1.714914105832576752e-06
3.208746761629299726e-07
2.154790649414062500e+02
1.087485122680664062e+01
6.826032698154449463e-02
4.670076537877321243e-03
3.626724064815789461e-04
1.714900804472563323e-06
3.207535144156281604e-07
2.128475189208984375e+02
1.088155269622802734e+01
6.472475081682205200e-02
2.787146950140595436e-04
3.622171352617442608e-04
1.714888526294089388e-06
3.206598933047644095e-07
2.099429779052734375e+02
1.088690662384033203e+01
5.725888907909393311e-02
2.787146950140595436e-04
3.547242085915058851e-04
1.714874997560400516e-06
3.206052952009486035e-07
2.073641357421875000e+02
1.089100074768066406e+01
1.126045361161231995e-02
2.787146950140595436e-04
3.522956976667046547e-04
1.714857603474229109e-06
3.205695691121945856e-07
1.990142364501953125e+02
1.089393043518066406e+01
1.126045268028974533e-02
2.787146950140595436e-04
3.501090104691684246e-04
1.714824520604452118e-06
3.205695691121945856e-07
0.000000000000000000e+00
0.000000000000000000e+00
0.000000000000000000e+00
0.000000000000000000e+00
0.000000000000000000e+00
0.000000000000000000e+00
0.000000000000000000e+00
0.000000000000000000e+00
0.000000000000000000e+00
0.000000000000000000e+00
0.000000000000000000e+00
0.000000000000000000e+00
0.000000000000000000e+00
0.000000000000000000e+00
0.000000000000000000e+00
0.000000000000000000e+00
0.000000000000000000e+00
0.000000000000000000e+00
0.000000000000000000e+00
0.000000000000000000e+00
0.000000000000000000e+00
0.000000000000000000e+00
0.000000000000000000e+00
0.000000000000000000e+00
0.000000000000000000e+00
0.000000000000000000e+00
0.000000000000000000e+00
0.000000000000000000e+00
0.000000000000000000e+00
0.000000000000000000e+00
0.000000000000000000e+00
0.000000000000000000e+00
0.000000000000000000e+00
0.000000000000000000e+00
0.000000000000000000e+00
0.000000000000000000e+00
0.000000000000000000e+00
0.000000000000000000e+00
0.000000000000000000e+00
0.000000000000000000e+00
0.000000000000000000e+00
0.000000000000000000e+00
0.000000000000000000e+00
0.000000000000000000e+00
0.000000000000000000e+00
0.000000000000000000e+00
0.000000000000000000e+00
0.000000000000000000e+00
0.000000000000000000e+00
0.000000000000000000e+00
0.000000000000000000e+00
0.000000000000000000e+00
0.000000000000000000e+00
0.000000000000000000e+00
0.000000000000000000e+00
0.000000000000000000e+00
0.000000000000000000e+00
0.000000000000000000e+00
0.000000000000000000e+00
0.000000000000000000e+00
0.000000000000000000e+00
0.000000000000000000e+00
0.000000000000000000e+00
0.000000000000000000e+00
0.000000000000000000e+00
0.000000000000000000e+00
0.000000000000000000e+00
0.000000000000000000e+00
0.000000000000000000e+00
0.000000000000000000e+00
0.000000000000000000e+00
0.000000000000000000e+00
0.000000000000000000e+00
0.000000000000000000e+00
0.000000000000000000e+00
0.000000000000000000e+00
0.000000000000000000e+00
0.000000000000000000e+00
0.000000000000000000e+00
0.000000000000000000e+00
0.000000000000000000e+00
0.000000000000000000e+00
0.000000000000000000e+00
0.000000000000000000e+00
0.000000000000000000e+00
0.000000000000000000e+00
0.000000000000000000e+00
0.000000000000000000e+00
0.000000000000000000e+00
0.000000000000000000e+00
0.000000000000000000e+00
0.000000000000000000e+00
0.000000000000000000e+00
0.000000000000000000e+00
0.000000000000000000e+00
0.000000000000000000e+00
0.000000000000000000e+00
0.000000000000000000e+00
0.000000000000000000e+00
0.000000000000000000e+00
0.000000000000000000e+00
0.000000000000000000e+00
0.000000000000000000e+00
0.000000000000000000e+00
0.000000000000000000e+00
0.000000000000000000e+00
0.000000000000000000e+00
0.000000000000000000e+00
0.000000000000000000e+00
0.000000000000000000e+00
0.000000000000000000e+00
0.000000000000000000e+00
0.000000000000000000e+00
0.000000000000000000e+00
0.000000000000000000e+00
0.000000000000000000e+00
0.000000000000000000e+00
0.000000000000000000e+00
0.000000000000000000e+00
0.000000000000000000e+00
4.465977326617576182e-05
3.075531125068664551e-02
2.714910278320312500e+02
2.302585124969482422e+00
5.069161206483840942e-02
4.308120533823966980e-02
3.940565220545977354e-04
4.116754723781923531e-07
0.000000000000000000e+00
2.833919677734375000e+02
3.374602556228637695e+00
5.087153986096382141e-02
4.093628004193305969e-02
3.940831811632961035e-04
4.605183505645982223e-07
0.000000000000000000e+00
2.937313537597656250e+02
3.932542562484741211e+00
5.088289082050323486e-02
4.162582010030746460e-02
3.942426410503685474e-04
5.843238568559172563e-07
9.321551343310918725e-12
2.993330688476562500e+02
4.377546310424804688e+00
5.084714293479919434e-02
4.459884390234947205e-02
3.945495700463652611e-04
7.064234637255140115e-07
8.854154215365284131e-11
3.066307678222656250e+02
4.745454788208007812e+00
5.077479779720306396e-02
4.751233756542205811e-02
3.950485552195459604e-04
9.305314847551926505e-07
3.736627951500537392e-10
3.063666992187500000e+02
5.059640407562255859e+00
5.077160149812698364e-02
5.050072073936462402e-02
3.953595005441457033e-04
1.161390514425875153e-06
1.046400077697740016e-09
3.076726379394531250e+02
5.336006641387939453e+00
5.081584304571151733e-02
5.236827582120895386e-02
3.955038846470415592e-04
1.345332293567480519e-06
1.988929687612994712e-09
3.073514404296875000e+02
5.585889816284179688e+00
5.083236470818519592e-02
5.302740633487701416e-02
3.955683787353336811e-04
1.512908170298032928e-06
6.263856100474640698e-09
2.986696166992187500e+02
5.817807197570800781e+00
5.085356906056404114e-02
5.353756621479988098e-02
3.957901208195835352e-04
1.551068407934508286e-06
1.187798570612130789e-08
2.849801025390625000e+02
6.038574695587158203e+00
5.086060985922813416e-02
5.482302978634834290e-02
3.959626192227005959e-04
1.564486865390790626e-06
2.079369565421984589e-08
2.806415405273437500e+02
6.254087924957275391e+00
5.085860192775726318e-02
5.575287342071533203e-02
3.962142218369990587e-04
1.578431010784697719e-06
3.421179428642062703e-08
2.697095031738281250e+02
6.468373298645019531e+00
5.080121010541915894e-02
5.653346702456474304e-02
3.964892239309847355e-04
1.658965402384637855e-06
5.270113589972424961e-08
2.650390625000000000e+02
6.682659149169921875e+00
5.063612759113311768e-02
5.673101916909217834e-02
3.968285163864493370e-04
1.716718543320894241e-06
7.585107653085287893e-08
2.609717407226562500e+02
6.896944522857666016e+00
5.058557540178298950e-02
5.678055435419082642e-02
3.971767728216946125e-04
1.728898951114388183e-06
9.972716696893257904e-08
2.597628784179687500e+02
7.111230373382568359e+00
5.052972584962844849e-02
5.668370425701141357e-02
3.974630672018975019e-04
1.733561248329351656e-06
1.297306795322583639e-07
2.551967926025390625e+02
7.325516223907470703e+00
5.052900314331054688e-02
5.601052567362785339e-02
3.978845488745719194e-04
1.777378997758205514e-06
1.667802536076123943e-07
2.521786651611328125e+02
7.539802074432373047e+00
5.049241706728935242e-02
5.465287715196609497e-02
3.983450587838888168e-04
1.810906496757525019e-06
2.025405194672202924e-07
2.527163543701171875e+02
7.754087448120117188e+00
5.043684691190719604e-02
5.293121561408042908e-02
3.988564712926745415e-04
1.820549982767261099e-06
2.387730830832879292e-07
2.485782318115234375e+02
7.968373298645019531e+00
5.029911547899246216e-02
5.185021832585334778e-02
3.994774015154689550e-04
1.838783532548404764e-06
2.686058451217832044e-07
2.509374084472656250e+02
8.182659149169921875e+00
4.998308420181274414e-02
5.006221681833267212e-02
4.002737696282565594e-04
1.844899202296801377e-06
2.949051634004717926e-07
2.492877197265625000e+02
8.396944999694824219e+00
4.961637035012245178e-02
4.815291985869407654e-02
4.010932170785963535e-04
1.856626340668299235e-06
3.084944637521402910e-07
2.464067077636718750e+02
8.605636596679687500e+00
4.907624796032905579e-02
4.623672738671302795e-02
4.014564037788659334e-04
1.864199134615773801e-06
3.188079631399887148e-07
2.425014190673828125e+02
8.804224014282226562e+00
5.131686478853225708e-02
4.484592005610466003e-02
4.025025991722941399e-04
1.878194780147168785e-06
3.249356552714743884e-07
2.397828063964843750e+02
8.992165565490722656e+00
5.379465222358703613e-02
4.380752518773078918e-02
4.043189401272684336e-04
1.925884816955658607e-06
3.287262586582073709e-07
2.379231262207031250e+02
9.169413566589355469e+00
5.922242254018783569e-02
4.261100292205810547e-02
4.055709578096866608e-04
1.955026391442515887e-06
3.293966415185423102e-07
2.372422943115234375e+02
9.336721420288085938e+00
6.758101284503936768e-02
4.052701219916343689e-02
4.078209167346358299e-04
1.982009052881039679e-06
3.306057863028399879e-07
2.364816741943359375e+02
9.494840621948242188e+00
7.635062187910079956e-02
3.833485394716262817e-02
4.087571287527680397e-04
1.975359282369026914e-06
3.307785902961768443e-07
2.361487884521484375e+02
9.644412994384765625e+00
9.276144206523895264e-02
3.640081360936164856e-02
4.114329931326210499e-04
1.994172635022550821e-06
3.308436760107724695e-07
2.374583892822265625e+02
9.785940170288085938e+00
1.131212785840034485e-01
3.373840823769569397e-02
4.125226987525820732e-04
1.965965566341765225e-06
3.308383895728184143e-07
2.390794982910156250e+02
9.919827461242675781e+00
1.386902481317520142e-01
3.194285556674003601e-02
4.106642736587673426e-04
1.981834202524623834e-06
3.308447560357308248e-07
2.405516967773437500e+02
1.004642581939697266e+01
1.626594811677932739e-01
3.010814078152179718e-02
4.095722688362002373e-04
1.954629851752542891e-06
3.308466602902626619e-07
2.421298217773437500e+02
1.016630744934082031e+01
1.869813650846481323e-01
2.860800735652446747e-02
4.103311803191900253e-04
1.954909521373338066e-06
3.308921634470607387e-07
2.476571197509765625e+02
1.028007125854492188e+01
2.111980319023132324e-01
2.692705765366554260e-02
4.103091196157038212e-04
1.965936235137633048e-06
3.308877580820990261e-07
2.527707672119140625e+02
1.038806629180908203e+01
2.294895052909851074e-01
2.542171068489551544e-02
4.097972705494612455e-04
1.962783926501288079e-06
3.308840064164542127e-07
2.579022827148437500e+02
1.049049758911132812e+01
2.518095970153808594e-01
2.395269647240638733e-02
4.103500687051564455e-04
1.975602344828075729e-06
3.308813631974771852e-07
2.625230102539062500e+02
1.058750152587890625e+01
2.728102207183837891e-01
2.215006388723850250e-02
4.128958389628678560e-04
1.995721277125994675e-06
3.308761336029419908e-07
2.663703613281250000e+02
1.067918014526367188e+01
2.905756533145904541e-01
2.083493396639823914e-02
4.118382348679006100e-04
2.003786221393966116e-06
3.308681755243014777e-07
2.699685058593750000e+02
1.076562213897705078e+01
3.048264980316162109e-01
2.011840231716632843e-02
4.106975393369793892e-04
2.008050387303228490e-06
3.309012583940784680e-07
2.735639038085937500e+02
1.084691619873046875e+01
3.160196542739868164e-01
2.001860551536083221e-02
4.115188785362988710e-04
2.001483835556427948e-06
3.309629050818330143e-07
2.767989196777343750e+02
1.092315483093261719e+01
3.245621919631958008e-01
1.977737247943878174e-02
4.135752969887107611e-04
1.995253342101932503e-06
3.310250633603573078e-07
2.802083129882812500e+02
1.099443435668945312e+01
3.355883061885833740e-01
2.022328414022922516e-02
4.139149968978017569e-04
1.996726496145129204e-06
3.310873069040098926e-07
2.828364868164062500e+02
1.106085586547851562e+01
3.495498299598693848e-01
2.025367692112922668e-02
4.179392417427152395e-04
2.045350129264988936e-06
3.311333216515777167e-07
2.852912597656250000e+02
1.112252616882324219e+01
3.574710488319396973e-01
1.884521730244159698e-02
4.205085569992661476e-04
2.095810032187728211e-06
3.311333216515777167e-07
2.884066162109375000e+02
1.117955017089843750e+01
3.664231300354003906e-01
1.831053569912910461e-02
4.231139027979224920e-04
2.142252697012736462e-06
3.313043350772204576e-07
2.915729980468750000e+02
1.123204135894775391e+01
3.831561505794525146e-01
1.860190741717815399e-02
4.190524923615157604e-04
2.133587031494244002e-06
3.315827825645101257e-07
2.948533325195312500e+02
1.128010940551757812e+01
3.918890953063964844e-01
1.861727982759475708e-02
4.193780769128352404e-04
2.146950691894744523e-06
3.318037045119126560e-07
2.983200683593750000e+02
1.132386875152587891e+01
3.992007672786712646e-01
1.880898140370845795e-02
4.237548273522406816e-04
2.190584154959651642e-06
3.318812957786576590e-07
3.015618896484375000e+02
1.136343574523925781e+01
4.049761593341827393e-01
1.897810585796833038e-02
4.304253670852631330e-04
2.200067228841362521e-06
3.319796348932868568e-07
3.045229492187500000e+02
1.139892959594726562e+01
4.058458209037780762e-01
2.031022123992443085e-02
4.336875572334975004e-04
2.229201982117956504e-06
3.321524388866237132e-07
3.071882934570312500e+02
1.143047523498535156e+01
4.095210134983062744e-01
2.097691409289836884e-02
4.348618676885962486e-04
2.312433252882328816e-06
3.322861630294937640e-07
3.095459594726562500e+02
1.145820617675781250e+01
4.108793139457702637e-01
2.077564224600791931e-02
4.340666637290269136e-04
2.323457010788843036e-06
3.323911812458391069e-07
3.115843505859375000e+02
1.148226547241210938e+01
4.146393537521362305e-01
2.023782953619956970e-02
4.354341363068670034e-04
2.322922682651551440e-06
3.325078807847603457e-07
3.133485107421875000e+02
1.150281238555908203e+01
4.186165630817413330e-01
2.024503611028194427e-02
4.367793153505772352e-04
2.360339522056165151e-06
3.326932755953748710e-07
3.148402099609375000e+02
1.152002525329589844e+01
4.211049973964691162e-01
2.000117301940917969e-02
4.416372685227543116e-04
2.438241381241823547e-06
3.328796367441100301e-07
3.160729980468750000e+02
1.153410911560058594e+01
4.244703650474548340e-01
2.047727443277835846e-02
4.448133113328367472e-04
2.487387973815202713e-06
3.333522329285187880e-07
3.170724487304687500e+02
1.154529953002929688e+01
4.288347363471984863e-01
2.212830074131488800e-02
4.490659921430051327e-04
2.524733645259402692e-06
3.340549596941855270e-07
3.178491210937500000e+02
1.155387592315673828e+01
4.302816092967987061e-01
2.236549369990825653e-02
4.496791225392371416e-04
2.991670726260053925e-06
3.348007169279298978e-07
3.184445190429687500e+02
1.156016731262207031e+01
4.312278330326080322e-01
2.194859273731708527e-02
4.775871057063341141e-04
3.269801254646154121e-06
3.355112312419805676e-07
3.187893981933593750e+02
1.156456375122070312e+01
4.332779943943023682e-01
2.168259024620056152e-02
5.360416253097355366e-04
3.721159373526461422e-06
3.360191556112113176e-07
3.191097106933593750e+02
1.156752681732177734e+01
4.351797997951507568e-01
2.141795307397842407e-02
6.284342962317168713e-04
6.769014817109564319e-06
3.360191556112113176e-07
0.000000000000000000e+00
0.000000000000000000e+00
0.000000000000000000e+00
0.000000000000000000e+00
0.000000000000000000e+00
0.000000000000000000e+00
0.000000000000000000e+00
0.000000000000000000e+00
0.000000000000000000e+00
0.000000000000000000e+00
0.000000000000000000e+00
0.000000000000000000e+00
0.000000000000000000e+00
0.000000000000000000e+00
0.000000000000000000e+00
0.000000000000000000e+00
0.000000000000000000e+00
0.000000000000000000e+00
0.000000000000000000e+00
0.000000000000000000e+00
0.000000000000000000e+00
0.000000000000000000e+00
0.000000000000000000e+00
0.000000000000000000e+00
0.000000000000000000e+00
0.000000000000000000e+00
0.000000000000000000e+00
0.000000000000000000e+00
0.000000000000000000e+00
0.000000000000000000e+00
0.000000000000000000e+00
1.672353982925415039e+00
9.693739891052246094e+00
9.614040374755859375e+01
1.492352447509765625e+02
1.671900634765625000e+02
1.398389434814453125e+02
1.520614776611328125e+02
1.926912078857421875e+02
1.979319610595703125e+02
2.217013549804687500e+02
2.578466796875000000e+02
2.008293914794921875e+02
2.184626159667968750e+02
1.936812896728515625e+02
2.181085357666015625e+02
2.149176330566406250e+02
2.126617889404296875e+02
2.024966888427734375e+02
1.668198699951171875e+02
1.656850585937500000e+02
1.241859207153320312e+02
1.015499191284179688e+02
8.268315887451171875e+01
8.134661865234375000e+01
4.867419433593750000e+01
4.332748794555664062e+01
2.901642036437988281e+01
3.180122375488281250e+01
2.320021057128906250e+01
0.000000000000000000e+00
0.000000000000000000e+00
0.000000000000000000e+00
0.000000000000000000e+00
0.000000000000000000e+00
0.000000000000000000e+00
0.000000000000000000e+00
0.000000000000000000e+00
0.000000000000000000e+00
0.000000000000000000e+00
0.000000000000000000e+00
0.000000000000000000e+00
0.000000000000000000e+00
0.000000000000000000e+00
0.000000000000000000e+00
0.000000000000000000e+00
2.333130501210689545e-02
2.149011008441448212e-02
3.272417187690734863e-02
6.023307517170906067e-02
9.964516013860702515e-02
7.687528431415557861e-02
9.129540622234344482e-02
7.353644847869873047e+00
2.356540679931640625e+01
4.052618026733398438e+01
6.811655426025390625e+01
9.784635162353515625e+01
1.191443176269531250e+02
1.559356689453125000e+02
1.892632141113281250e+02
2.052534332275390625e+02
2.157225341796875000e+02
2.298916931152343750e+02
1.915471649169921875e+02
1.191778640747070312e+02
1.162669830322265625e+02
1.045384216308593750e+02
1.100569610595703125e+02
8.580146026611328125e+01
8.723359680175781250e+01
8.498305511474609375e+01
1.026156768798828125e+02
5.475287628173828125e+01
5.444922256469726562e+01
6.667413330078125000e+01
6.219260025024414062e+01
5.363244247436523438e+01
3.343004608154296875e+01
2.298021125793457031e+01
2.420286941528320312e+01
1.584573078155517578e+01
9.061593055725097656e+00
7.305570125579833984e+00
5.926180362701416016e+00
4.561107158660888672e+00
3.125466823577880859e+00
2.096594572067260742e+00
1.604625463485717773e+00
1.047563791275024414e+00
1.000000000000000000e+00
8.690978288650512695e-01
