4
5	6	6	4
7.3247270584106445	-1.493335247039795	-2.5971972942352295	-1.0524471998214722	3.7088520526885986	-3.090167760848999
1.777600884437561	-0.9646528959274292	-0.4905918836593628	-0.8761858344078064	-3.0112369060516357	-5.916090965270996
1.0887055397033691	0.34461870789527893	1.3704440593719482	1.9392956495285034
2.873553	-0.19405371	0.102477275	-0.1768571	-8.362029	2.2196448	13.543443	0.9888316	0.10661725	0.0779524	-0.52656686	1.2438433	0.8952488	0.26534307	-0.22750069	0.73726285	0.23343998	0.24488592	0.19416931	0.012554086	-5.700496	0.7860939	-0.0063901935	-0.077656746	0.22045273	3.764982	0.27847627	-0.08983496	0.05150576	-0.15427294
-2.2547865	-2.5965984	-4.923963	2.9701204	0.7258863	0.27430388	2.2778451	0.93854475	6.953768	-1.0884136	6.367126	11.742779	0.35580555	0.517971	-1.4605922	0.8143259	-0.24011554	2.8870864	1.0393912	3.1778226	5.4635315	-4.723405	-1.5744663	2.2080383	1.4039285	0.7750625	-5.1618814	0.6582858	4.0380244	0.268804	3.6834388	6.0581803	8.259943	5.6099133	-3.5396929	-6.9860144
0.8204814	5.6365986	2.9053733	0.049988113	4.6306167	-1.5426729	-0.54871255	2.4520032	-0.8457792	-1.7777663	3.8369143	0.24068792	-3.8580415	4.75008	0.6426916	-0.5603237	1.5820763	-4.9638352	-3.935256	4.6591754	1.7599517	-5.315327	3.0277069	0.50389063
softsign
softsign
relu
