4
5	12	12	4
3.992344379425049	-0.09917435050010681	2.414782762527466	0.1313626766204834	0.19968119263648987	0.5958992838859558	-6.329722881317139	1.2045737504959106	-1.686754584312439	1.978838562965393	-0.054980870336294174	-0.5660141706466675
6.897351264953613	-1.9647774696350098	2.7831976413726807	2.2941009998321533	-4.784826755523682	-4.218228816986084	3.08424711227417	-2.6628923416137695	-1.119289517402649	-2.4360191822052	0.8241063952445984	-1.9431145191192627
1.4543721675872803	0.8036545515060425	0.4532714784145355	1.033737301826477
-0.91201454	-0.25525713	-3.0767996	-1.0291147	0.09757225	0.021672284	-0.17172983	0.65669775	-1.151614	-0.45255846	9.561776	-2.6807814	-0.9734314	0.06135206	0.31343788	-0.034885395	0.51213336	-0.66398436	-0.060696602	-0.36523238	-0.0033159843	-4.2640715	-0.10756343	0.03941058	0.1282502	-8.503541	0.30215365	0.0006835801	0.01388386	0.71727383	-18.048485	0.011886979	0.06904502	0.117945634	6.5516872	-20.38795	0.06631142	0.13616736	0.07761647	-0.5822983	-3.9117782	-0.42164826	1.1228588	0.12437221	-0.57076055	-0.09993561	-1.8958756	-0.088846944	-0.038649667	1.5816424	0.051300272	84.16203	0.33238748	-0.037195284	0.10284838	20.577526	-0.047711775	0.10028757	0.19616485	0.015372782
1.1556482	-0.39220858	1.3691849	-4.2527475	1.6427296	-10.830702	-6.268561	16.958927	-4.1228595	5.2427006	-0.02031787	-9.303324	-0.023327088	0.28707546	0.829858	0.090656616	0.017083878	1.3574581	-0.5498019	0.38393238	-0.26060224	-0.026824892	-0.029286476	1.5744863	0.2943986	0.70138687	-0.13053292	-0.48207462	1.0567337	-0.9149987	1.8133038	-0.29657245	-4.08408	0.23967099	-2.2833672	-0.31035215	0.6896754	-0.48299038	-0.8374484	-1.1259943	0.036733773	-2.0638788	-1.309792	3.2516918	2.6350634	-0.06388239	-0.83996916	-0.6984376	0.118119255	-0.066765815	0.1818956	0.6875232	-1.0966773	0.8616127	-0.73242044	-0.24120434	0.16512534	-0.2621959	2.0394976	1.3967164	0.427486	0.47424573	0.13180515	0.12870538	-0.8150185	0.40307635	-1.7671134	-0.40336874	-0.17875524	-0.46845257	1.9920726	-0.25893584	0.080087736	-0.1794834	-1.5115216	-0.21989875	-0.0023197583	-0.34345877	1.0848774	0.6028666	-0.81643206	0.113837436	0.0041543487	-2.942115	-0.02113655	-0.017588357	0.26183617	1.3373991	-0.78760695	0.012836615	0.7974903	-2.2709246	3.465564	0.6017896	2.469029	1.342748	-1.4412295	0.24275956	4.155239	-0.19878331	-0.52060896	0.33017018	-0.76261526	-1.1983232	1.8343856	-1.5644883	1.1554943	-1.803311	1.4071105	-0.12762706	0.023100762	0.36632958	-0.47873643	3.5488098	-0.18888496	1.1201048	2.8429666	-0.31372488	0.9640336	1.1884236	-2.73941	0.5793886	3.2807124	1.5206124	0.16964816	1.3828164	1.027769	-2.0304878	1.4142773	0.38684788	-1.8898185	-0.3787749	5.419075	-1.3104022	0.22967477	-2.1697216	4.852014	-2.1944263	-1.7098714	3.73898	1.3139597	-3.98311	5.975545	0.7505805
-2.0834005	-0.08488465	1.208785	0.105096735	5.446639	-0.23109786	0.26938787	-0.3948748	-0.18743058	-0.66035444	0.17613016	0.35791707	-1.5016459	1.7446418	-0.50941586	-0.036571458	-0.037759572	-0.104663655	5.146074	-0.18366498	-0.0138969505	-0.15232168	-0.02467687	0.012319259	-1.7685213	-0.11542588	1.9900584	0.17064929	0.79969364	4.1524463	0.045126386	-0.17086844	-0.6014441	0.36918882	0.8690907	1.2523186	-1.435804	-0.3441013	-5.9734845	-0.08298994	0.791149	0.71683604	0.17052336	-3.2842593	-0.53012174	-0.81756985	0.34609893	0.48014125
softsign
softsign
hard_sigmoid
