4
5	8	8	4
-10.76090145111084	-15.578557014465332	6.069206237792969	2.0453929901123047	2.0371172428131104	-1.578595519065857	-1.0210362672805786	-1.9658253192901611
3.6103551387786865	-2.576655626296997	-3.7034990787506104	1.3238009214401245	6.364084243774414	-0.9295472502708435	5.511808395385742	0.9527010321617126
3.289510488510132	-0.585358738899231	3.92524790763855	-5.372894287109375
3.2330542	-2.667606	5.1030717	-4.977115	-4.589822	2.675746	12.933424	0.5036417	0.11565056	-2.1281927	4.4846306	-0.119317956	0.026691036	-0.13749813	-8.138598	-3.0828238	-0.007921845	0.6033518	0.132608	-0.2524177	-3.572916	-0.00053408864	-0.052910432	-0.051897444	0.022831064	2.2212806	31.74311	0.29375187	0.11797592	0.08578049	1.6146901	-0.36260343	0.150996	-0.006918451	-0.0037076017	4.1157517	-0.19915742	-0.99808484	-0.11795785	0.09467924
-3.8608422	3.2659624	4.9005303	5.388437	48.960606	11.674726	22.069489	17.957472	3.8269484	-0.016923074	-0.5765958	1.3367504	-3.4441586	4.6922097	0.5278033	0.59771776	2.5174873	0.20685948	1.8952116	0.7987384	-0.42944047	4.1691694	-0.88859266	0.46040174	-0.24907821	0.56895226	-0.065581076	-0.0022982883	2.705224	0.010918114	-0.20896408	-0.18973328	1.954721	-0.11973757	-0.879377	-1.034347	1.6792198	-3.0355725	0.63867784	-0.7703894	-0.13898288	-0.4162921	0.04013311	0.16838005	-1.6114057	-0.0095458375	-0.07572023	0.19410628	-3.1952188	-0.14007013	-0.5562657	-0.9823191	4.432676	-5.581596	1.7279607	-1.2607456	-0.6496868	0.329816	-0.11976433	0.05493997	3.4620354	-0.035576753	0.20746438	-0.05823637
0.8770843	-5.4056063	-1.7991923	12.169331	-0.5198985	1.9884849	-11.232602	-9.929537	-0.123703465	0.29552555	0.11810268	8.585049	-0.6492202	5.538956	1.8584381	-0.9493339	3.0134597	-5.4836698	9.072058	1.6260478	11.017644	1.0145328	-13.783412	-1.5617493	-0.33599612	-2.5644512	4.6104617	17.925634	-6.9387345	3.6330144	14.019481	-14.072472
softsign
softsign
relu
