4
5	8	8	4
-7.357903480529785	-3.3836278915405273	5.1736040115356445	3.8648414611816406	-0.10531731694936752	-4.916006565093994	3.942194700241089	4.792088985443115
-0.17770962417125702	-0.27604883909225464	0.19292157888412476	0.21902702748775482	-0.4630075693130493	-0.4193878769874573	-0.3482418656349182	0.5814266204833984
0.26239532232284546	0.3954697847366333	0.12616689503192902	-0.05679597705602646
9.678277	0.088161245	-0.013241712	-0.24774873	-0.71484476	4.9127727	-0.6396901	0.037717134	0.5792315	1.5768903	-8.013451	1.3623184	-0.09623899	-0.5296244	1.3789744	-1.913645	-2.9264631	0.6249186	0.14137581	2.4962592	0.46118942	0.48627195	0.34907696	0.48892665	-0.43701985	-4.7845936	5.804398	3.6842816	1.1387396	-2.2498496	-4.6703305	114.153946	1.1477491	0.33488283	1.6119155	3.895882	-1.5229088	0.02960005	-0.34812766	-4.4081736
0.038128458	0.33866417	0.27640024	-1.0028033	-0.22289118	-1.7556843	0.3268553	0.20997089	1.6476908	0.11991064	-0.8090765	-0.020665273	0.4419313	-0.86754507	-0.23554452	-0.5259405	-0.31224602	0.052116465	-1.0485641	1.846248	-0.14912395	1.1588322	-0.49182227	-0.3845795	-0.4053399	0.29144472	0.31266737	-1.4957576	0.24731962	0.50282794	0.14096391	0.3719207	-0.21421899	0.022570238	1.1331419	1.3452585	0.0642968	-0.08784484	-0.38076118	-0.9348779	0.00434692	0.9459321	0.10842726	0.5053944	0.18084925	-0.21851842	-0.17499529	0.10358231	0.31685403	0.65289766	-0.71647626	-1.4576937	-0.19341618	-1.0124027	0.3383494	0.15702833	1.1287589	0.08575242	-0.6786588	-2.3333602	-0.30658203	0.5002633	1.7249246	1.64286
-0.30860996	-0.0939532	-0.3835548	0.26239768	-0.09517891	0.026833866	0.19343233	0.12061076	-0.0800001	-0.709125	-0.10085023	-0.026354324	0.27826524	-0.12943442	-0.1462069	-0.036417447	0.030565925	-0.06754322	-0.42755428	0.23838799	-0.16503054	-0.09021707	0.1191281	0.16895634	-0.025510356	-0.4326067	0.03949596	0.29663393	-0.0054372097	0.10409934	-0.14656377	0.3547835
softsign
softsign
relu
