4
5	8	8	4
-9.083348274230957	-1.0565013885498047	-3.175313949584961	-0.8837801218032837	-1.4770138263702393	1.809593915939331	1.9195706844329834	1.2412368059158325
0.4356517791748047	0.17604701220989227	-0.8644105792045593	0.7772898077964783	-1.177557110786438	-0.9136644005775452	1.4575037956237793	1.4930474758148193
-0.8804274797439575	-0.3415611684322357	0.6536753177642822	0.24364395439624786
7.8889318	3.258116	-0.10371336	0.115691565	-1.1775476	1.8377502	-0.310334	-0.036012806	-0.080614075	-0.051871177	-2.006533	0.45834124	0.06570044	0.099978626	3.8208184	1.6339824	0.3779406	-0.006942755	-0.10342382	-0.09903185	1.8886238	0.43843266	-0.08777276	-0.094862066	0.32236534	-2.7756493	0.112317316	0.020684646	-0.010016076	-0.061699666	-2.6762238	20.328043	0.6281282	0.3722777	-0.5436456	-1.636739	0.43224782	0.10690744	0.094035156	-0.2726389
0.54996604	-3.7348614	-0.5153383	3.7454383	-4.9527307	3.3874114	-0.1756249	-3.3921485	-0.11723859	-2.3801892	0.035308033	0.6053453	-0.876069	-0.83769435	-0.07041168	-1.2243743	-0.09534983	0.59880096	-0.4986033	0.62751234	0.19456677	-1.3303356	0.16944347	0.4853492	0.5550821	3.7088299	-0.25169525	-2.0392432	0.23370963	4.514998	-0.12793179	1.5217428	-0.58187366	-0.5064398	-0.1483185	0.72808707	-0.26479644	-2.3615472	-0.020194422	0.15637971	0.31693354	2.7642968	-0.4461142	0.9286877	0.81236327	2.2459428	0.33580145	0.6613954	0.27703598	0.91835135	0.40606993	-1.5070717	0.913382	4.8045287	-0.00012086858	0.1921288	1.0905662	-1.1887472	0.059409786	-0.11908104	-0.7196893	3.4087026	-0.05249889	-1.6664562
-1.0936052	0.91351587	4.7500176	0.020983463	-4.145747	-0.7931119	-0.15563905	1.6695346	-0.042820588	-0.49827003	1.876823	-0.26604214	5.08331	-0.74830276	4.2889805	3.1702287	-2.1348562	8.512392	3.538564	2.8243902	-0.44554856	4.6072683	-0.09725382	1.1509387	1.2969679	6.9364953	3.9685338	-1.8338625	-0.49284998	2.7774117	0.72131574	1.3884406
softsign
softsign
linear
