4
4	4	4	4
-0.08234885334968567	-0.2186603993177414	-0.09203126281499863	0.725419819355011
0.37829387187957764	0.2575090229511261	-0.48466727137565613	-0.2815989851951599
-0.2698664963245392	-0.08628793805837631	-0.28462302684783936	-1.4110881090164185
5.311494	0.028298875	-0.007181309	-0.017856285	0.3241067	-8.45275	-0.15963651	0.025063327	2.510502	6.803721	0.068639	-0.021776576	-1.2184831	0.087218836	0.04680158	-0.011089872
5.1559362	-0.04202931	-0.4590192	0.50710875	-0.0728398	-1.0395397	-0.69995826	-1.4899195	4.549483	-0.5000068	-0.877077	-1.5301244	-1.9237574	-0.11507659	2.0971918	1.2889422
1.1127734	1.0180916	-0.15923499	0.70128244	0.47156262	-0.97352463	-1.6273104	-0.028763432	1.155734	1.044709	-0.16840754	0.72895724	1.4162359	-3.61187	-0.9649194	1.183726
softsign
softsign
relu
