4
5	8	8	4
-0.9702713489532471	-13.493136405944824	8.733890533447266	2.853843927383423	2.4856321811676025	0.1843458116054535	-0.09275898337364197	-2.6500518321990967
6.60028600692749	-0.17735636234283447	-3.936552047729492	1.0495606660842896	5.968769550323486	-0.338395357131958	2.493706464767456	1.13278329372406
2.967320442199707	-0.37170520424842834	5.171952724456787	-2.6926181316375732
0.1967979	-0.0436456	0.6358846	-0.69569314	-0.21420984	9.969923	7.0155683	-1.8578452	0.080688976	-1.0271176	3.6345685	0.025262592	-0.08764288	-0.08785824	-10.493488	-4.066562	0.06334082	-0.18623534	0.4542039	-0.06846345	-4.14445	-0.084262334	0.05507645	0.009474283	0.008527062	-0.20927262	22.450832	-0.062525585	0.05370088	-0.10997095	0.14676806	-0.08457702	0.16817217	-0.093022294	-0.032070044	4.3427815	-0.33224452	-0.048762172	-0.018420935	0.07049554
-6.1572275	9.182417	-1.9517045	2.3498461	46.68602	15.3368025	22.17804	46.350452	1.0137333	0.36418554	0.04521831	0.26540962	-0.2659434	0.9236273	-1.7872266	0.38500753	3.0336592	-0.105006605	1.8477119	1.9057778	-1.0645754	2.9849193	-3.46245	0.21145043	0.20348892	0.287732	-0.029489031	-0.09125842	1.5733773	0.0031569737	-0.65261644	-0.90350956	0.9137279	0.16743238	-1.4195278	-1.2853562	1.9448042	-3.2513433	1.211949	0.11283103	-0.13747	-0.10961926	0.016077938	-0.035585605	-0.91408336	0.013460371	0.25332865	0.41813457	-2.5119464	-0.10138512	-0.33708212	-0.06556922	1.4000918	-2.6016746	5.903575	-0.7333867	0.59316	0.035528608	-0.018103603	0.0011991973	2.5978734	-0.024513245	-0.9625747	-0.3293334
0.4344856	-3.0585759	-0.1189992	14.093305	0.33703998	4.2725587	-7.129671	-9.713044	-0.0005378138	0.19577375	-0.037801336	7.654333	-0.41045207	6.1055274	1.0854664	0.35569283	0.35494733	-4.526048	9.968059	3.5679946	11.428643	0.6813063	-11.426112	-2.6090925	0.31237736	1.8025402	6.8553653	18.839626	1.1503998	5.742897	9.157939	-13.131589
softsign
softsign
relu
