4
5	12	12	4
3.7720420360565186	-0.8273206949234009	4.797689437866211	0.6589544415473938	0.08038151264190674	0.6971741318702698	-9.730475425720215	1.2231417894363403	-1.494869351387024	2.931027412414551	-0.12544921040534973	-0.7342019081115723
7.8719024658203125	-0.5387808084487915	2.988445997238159	0.37610357999801636	-5.066455841064453	-4.849264144897461	3.3582539558410645	-3.337141275405884	-1.1478157043457031	-4.352716445922852	2.7644906044006348	1.190809726715088
0.8139519095420837	1.403762936592102	0.17141447961330414	1.852497935295105
-0.15027294	-0.37014046	-2.442088	-0.9614913	0.24749786	-0.10593844	-0.028416496	0.5615995	-1.4789062	-2.0949588	10.626373	-4.952283	-1.118607	0.014139534	0.8643721	-0.047688343	0.71025604	-1.4710556	-0.07595613	-0.03138395	0.18223734	-5.776424	0.16279541	-0.075051636	-0.17501858	-8.503421	0.302497	0.04865489	0.069885194	1.2444534	-21.337477	0.37950924	0.052757714	0.121691674	9.571274	-20.149464	0.25007057	0.1875986	0.14104784	-0.7204712	-0.4353566	-0.27461016	0.35849378	-0.18723147	-2.5720718	-0.019700153	-2.9149995	-0.0018459492	0.0029208283	1.0547506	-0.14552552	119.89009	0.28214473	0.15776888	0.090656	24.02543	-0.12009497	0.12005756	0.16273874	0.31530777
-0.5748237	0.80517817	1.4365119	0.92382437	1.3392478	-11.070448	-6.1001096	17.458902	-3.5982978	18.459621	0.6681506	-9.682804	-0.13066302	0.47146443	0.7223528	0.16456985	0.09330064	1.9093319	-0.6133384	0.17245343	2.1296947	-0.000979914	-0.010046725	1.4082223	0.4566521	0.829247	-0.21611363	-0.20201418	1.3774359	-1.4656181	1.4625924	0.2377254	-3.8743923	0.2252471	-1.9627429	-0.27566347	-0.69979745	2.0441866	-0.10388156	0.07636798	-0.07854981	-0.6208703	-0.10374453	1.0322309	-1.9313576	0.9808056	-0.43675357	0.35831657	-0.19552676	-0.006076541	0.36335954	0.71257484	-1.4901199	0.730429	-0.8902863	-0.25487965	0.9632041	-0.53954464	2.555863	1.2143223	1.7621087	1.1076018	0.22206913	-0.6538879	-1.6707007	0.31680274	-1.8377664	-0.4371022	-0.33904284	-0.65018713	1.6812912	-0.55438554	0.31974986	0.06712217	-1.9248371	-0.192904	-0.06907026	-0.9188342	1.7370391	0.30672216	-3.0541499	0.19763896	-0.03154581	-4.005824	-1.4783112	-0.22817437	1.911687	0.525285	-0.9287166	1.5417179	-2.0523891	-1.9381846	5.1180744	-0.13237655	2.109045	0.70844805	0.13152294	0.17387398	2.4401822	-1.544554	-1.8967253	0.83841205	-0.710174	-1.7379916	3.5745354	-0.68342745	0.8304864	-1.770662	0.6033564	1.1595701	0.13860455	0.34188718	-0.46474615	5.86201	-0.024240933	0.47843027	2.2901857	0.47357446	1.8738357	0.9630831	-3.3978043	-2.9434068	1.5970919	0.6199374	0.9632392	2.0238879	1.275469	-2.3204257	3.2749784	-3.411985	-1.5378338	0.93990916	12.04039	0.6992412	2.0264208	-1.3269869	5.344383	-1.1158764	0.9197259	0.63796693	0.35197905	-8.02485	5.3736115	-3.4068418
-1.8692454	0.09279129	0.9441098	0.044313744	5.0652094	-0.56898296	0.0955093	-1.1445862	0.4454601	-0.82734793	-0.03354526	0.23458332	-1.8798025	1.8830813	-1.0729029	-0.11430873	-0.73903495	-0.26895675	4.891459	0.16055882	0.013473553	-0.037511703	-0.036917653	-0.016985254	-1.211353	-0.01506321	0.64432603	0.79512703	1.2487574	3.2277174	0.12430936	0.4413048	-0.89572704	-0.1569086	1.4931535	2.1434534	-2.1366396	-0.02832864	-8.555478	0.05101985	-1.985203	0.3116405	0.011861878	-2.4572492	-0.42205033	-0.9802183	-0.04751536	0.05397965
softsign
softsign
hard_sigmoid
