4
5	8	8	4
-0.18760237097740173	-1.9986878633499146	0.0933278426527977	-0.8569504618644714	0.43372842669487	-1.4389185905456543	0.7023119926452637	-0.3133208751678467
0.7471810579299927	1.9566913843154907	-2.8801112174987793	-0.9793063402175903	1.2288415431976318	-0.5477761626243591	0.5332798361778259	0.7200613617897034
0.8003473281860352	-0.16420914232730865	1.2213988304138184	0.29138022661209106
0.8516246	0.022724947	0.11336317	-0.13440564	-0.48433864	3.2966409	-0.11097021	0.061865535	0.0038326003	0.03004756	-0.5668746	0.1424831	0.7689499	0.09512949	-0.13914837	-0.2143246	0.6539878	0.24196473	0.13513233	0.2783462	-0.61370355	-0.39320022	-0.09006327	-0.050683495	0.270821	1.1379274	0.49744233	0.09716777	0.031842683	-0.5160412	-0.9508286	0.21403994	-0.21290076	-0.06387239	0.55870265	4.950448	-2.3658862	-0.82178223	-0.15828696	0.93290246
0.24847916	0.07673475	-0.59868735	0.69435436	3.0013473	0.28381556	-1.2032562	-0.17793009	0.4436454	-5.5677094	-0.7471019	3.3239648	-1.33759	-3.8789918	-1.1407334	-0.99205816	-0.22471349	5.809983	-0.23754159	0.7133953	-0.6383874	0.9628274	0.3949792	2.9537663	-0.5972493	-0.015830865	0.4874271	-2.398352	-2.6825953	0.04505239	1.505662	0.021548793	0.053752635	-2.438813	-0.18682526	-0.12326856	0.045467936	-0.88499683	-0.7528679	-1.1371961	0.7456352	2.8101108	0.103806004	1.0110868	0.86272955	1.22818	-0.015205736	0.7806106	-0.36040154	-3.5326493	0.22843285	-1.3247416	-1.2354035	0.76260275	0.25557423	0.51512414	-1.9911664	0.21858612	0.86799246	1.533974	0.9477957	5.84439	3.6962225	0.12866792
2.6548433	1.7010086	0.329206	4.8643703	-1.2594118	3.3880556	2.4460096	2.3951569	0.13526715	0.41926104	-3.3974016	0.17329197	-2.8678868	-1.1663662	-1.2396449	-0.010947762	2.3181434	-2.2217681	-1.5832992	7.9426336	0.3704872	-0.04083542	0.08349301	2.6892579	0.82576805	2.3127518	0.18669976	4.7468386	4.587023	2.5255084	-4.190356	0.5838214
softsign
softsign
linear
