4
5	8	8	4
-0.49203139543533325	0.43011683225631714	-1.5722604990005493	-1.7375078201293945	0.29221630096435547	-1.3165194988250732	-0.6654375791549683	2.5455434322357178
-0.10412135720252991	-0.6762046217918396	-2.080251455307007	-1.8658236265182495	-1.4178180694580078	-1.3804757595062256	-3.1392643451690674	1.9394713640213013
3.425232172012329	0.629051148891449	0.7225579619407654	2.8798341751098633
1.281048	-0.40883264	0.13236217	-1.1048386	-1.0134454	-0.88795006	-0.8717705	-0.1064338	0.053437006	-2.0642755	-0.70385325	2.0474434	-0.44747424	-0.026381753	-2.6944077	0.7857762	0.95355785	0.1257942	-0.11482002	-1.6420317	-1.5669079	0.660234	0.3707229	-0.13451684	-1.0009397	-0.34496078	1.4420605	0.40780312	0.22221339	0.13621216	2.8400092	-1.673763	-0.09873425	0.043030772	-2.2351909	-4.1964517	0.16369551	-0.02117183	-0.026585853	0.118737526
-0.8594715	0.00343495	1.6948905	-1.6036551	3.5702999	-0.8416837	-1.615674	0.4993933	2.1844	-2.6264958	0.34501842	-0.6807378	2.7731266	0.24311598	-0.75795895	-0.4738617	-2.2884026	2.9403129	0.092634246	-1.1807855	4.8630223	0.28343302	-3.6902268	-5.890807	-0.35643694	1.229013	2.2502956	4.7505493	-2.6950212	1.0557473	-5.55746	-6.7353916	0.34126636	0.9834539	-0.6166611	-2.1470149	-0.6918209	0.44860688	-0.19892594	0.3854084	0.4000498	-0.16638601	-3.5436313	0.014565942	1.2770889	-0.06421396	0.928409	-0.9215176	0.05502695	0.13956518	-4.146779	-1.2485766	2.2390316	2.427326	0.714246	-3.6309564	-0.3289233	0.7439336	0.4846217	-1.5723518	1.4008846	-0.27653214	0.106019646	4.783936
-6.8596034	-0.243151	-3.479184	12.293132	-6.238546	-4.9198914	-2.941207	-0.499855	-0.49016687	0.34881136	1.4983262	1.5345062	0.059064366	0.27619588	-0.09431528	5.6587844	-1.2434767	3.064176	-7.432839	7.9241824	-5.695082	-1.6304996	-3.1114407	-0.628848	0.3990865	-0.6215139	6.860915	2.182554	-7.408064	0.42222723	2.1826007	9.257331
softsign
softsign
relu
