4
5	16	16	4
0.17848925292491913	0.3961479067802429	0.514735221862793	-0.3458023965358734	0.4689439833164215	0.42376843094825745	-0.2832074463367462	0.7473251819610596	0.2829858660697937	0.8852013349533081	0.8055175542831421	0.5155616402626038	0.25423192977905273	0.14911477267742157	-0.32840612530708313	-0.11977944523096085
0.483538955450058	0.24034951627254486	0.7130436897277832	-0.30315226316452026	0.5538382530212402	0.0	-0.03687759116292	0.27790582180023193	0.6728480458259583	-1.007084608078003	0.41331085562705994	0.38497108221054077	0.0	0.4767357409000397	0.0	-0.06961989402770996
0.7118346095085144	1.0036453008651733	-0.1232229694724083	-0.887122392654419
-0.019006839	0.9978388	-0.29910174	0.17823663	-0.042538382	-3.702467	0.7224662	-0.05539067	0.46633992	0.3450689	-6.031405	0.2038692	0.00965849	0.0077899257	-0.033290293	6.060405	-0.20798887	0.00055106846	-0.01715024	0.34015295	3.185396	-0.17223471	0.0021710973	-0.03500157	-0.48519996	0.8337453	-0.42026734	-0.19153534	0.27581313	0.4799894	4.354605	0.1244981	0.18596484	0.11080602	-0.09549548	-2.914473	-0.6609851	0.07763219	-0.015048224	0.02380318	3.8822691	0.63621485	0.16919908	-0.29873565	-0.082383476	-3.6427324	-0.021413174	0.11320673	0.055826098	-0.87616754	2.474558	-1.0360913	-0.031277902	0.009435786	-0.80954474	-0.9609391	-0.5280104	0.19091833	0.16914994	0.92836875	-0.06891212	-17.68711	-0.15076907	-0.02750293	-0.09843594	4.437849	0.6244346	-0.12187029	0.37930802	-0.19836715	-0.31621885	1.4614033	-0.08833014	0.13636622	0.3046039	0.18495148	-0.74037296	-0.108231075	-0.8166216	-0.38094264
0.22536772	0.18927355	-0.092607215	-0.80685	-1.3341066	0.23398302	-0.101189815	1.4746276	-0.06687824	0.7149345	0.09557788	-0.55921346	0.21590583	-0.5689995	0.26169696	-0.29614693	-0.6363334	-1.2276238	-1.0368459	-0.058322296	0.6227839	1.1505432	-0.29624775	-2.5852354	0.173277	0.79054403	-0.06062541	0.9528631	-0.08360465	0.5895433	0.1692697	0.18807128	-0.11410852	-0.25165713	0.16402745	1.5540377	-1.8114885	0.24420227	-0.38401616	-0.38697135	0.46656924	1.3760971	-0.327091	-0.50438875	-30.723969	-0.023272622	-0.18427713	-0.042276192	-0.000649997	0.61825794	0.4738297	1.8448331	-0.78967077	0.7171879	0.0012784776	-0.88555384	-0.7489021	0.55325127	1.1028279	0.21937023	0.29819015	-0.6206137	0.99325716	0.14615853	0.42497265	0.05062393	0.14615571	0.22002763	-0.03139549	-0.37897474	0.5182449	-1.2380476	0.16600043	0.95955	-0.97572887	0.36791566	1.8445629	-0.18931189	-0.14872019	0.05770961	-0.27270687	-0.082662046	-0.21740225	-0.2099914	-0.22237638	0.045773357	0.036126167	-0.10135129	0.20362285	-0.38809806	-0.3447733	0.07231656	-0.1183981	-0.33230242	-0.003566146	0.16187122	0.13124946	0.2584629	1.7235743	0.030489372	0.52489823	0.24563567	-0.26634693	0.45845568	-0.7499606	0.39929682	0.20155515	0.34198165	1.6820985	-0.2140865	0.4465378	-0.26242948	-0.09155878	-0.11978286	-0.20419598	-1.0826951	0.34536433	0.06512429	-0.29052624	0.6878894	1.1469036	-0.4054737	-1.3399436	-0.612678	-0.44811472	1.144684	0.009039352	-0.04383387	-0.1363274	0.9733271	1.2499871	-0.10083282	-0.01789283	0.12455699	0.16570458	-0.3526233	-0.5078692	0.36082485	0.92300296	0.33683237	-0.31352907	-1.0732071	0.3972446	-0.26900485	-0.0070005213	0.94328934	0.33585533	-0.56092	1.9001763	0.27933854	0.11353441	-0.56301045	-0.72111493	0.3877219	0.5247589	0.5963035	-0.25028074	-1.5754838	0.8534967	0.3023495	0.04687407	-0.079936735	0.43624866	0.93947566	1.3297586	0.8519641	-0.49684417	-1.2059244	-0.056450453	-0.11939404	0.14011197	0.87575346	1.9335675	-0.8544407	0.044091005	-0.12300413	-0.42065358	-0.5865731	-1.5324442	-0.26570272	0.3400573	0.5226285	-0.046906736	-1.5715609	0.018034562	0.36971754	-0.08396591	0.5204511	-0.06641027	0.27983734	0.000584799	-0.42922762	-0.20268367	-0.06067583	-0.0015087128	-0.18542895	0.18733123	-0.25958645	-0.046120346	-0.22892694	-0.2897765	-0.3682566	-0.35566348	-0.22418408	-0.27132753	0.09996244	-0.0056997836	-0.015926272	0.6294196	0.49220413	0.18376377	-0.12602626	-0.12643778	-0.29300627	1.2447655	0.5142629	-0.45975888	0.27336177	-0.27938128	0.1752048	-0.17303522	0.73125774	1.3295972	-0.08588212	-0.14331433	-0.3486565	-0.09293851	-0.20210811	0.23052314	0.038367778	-0.3508047	0.12670991	0.026491463	-0.12937748	-0.38233644	-0.38790986	-0.3262062	-0.33034936	-0.19245534	0.13159856	-0.020548336	0.9307035	0.26524287	-0.22034642	-0.6186682	-0.32892963	0.37097022	0.34317717	-0.021064322	0.3887537	0.1498278	-0.15695877	0.7947526	-0.6847813	-0.42687133	-0.42827737
-0.0674903	-0.46382192	-0.68093234	0.18822058	-1.0442448	-0.096181214	-0.2350192	0.2777017	-1.6698903	0.09506849	-0.4529576	-1.2502203	-0.17669591	0.5814092	-0.37372306	1.6201671	1.0662751	-1.9023978	0.5257524	-0.06267118	0.22764201	0.050798178	-0.926824	-0.28062978	0.3691686	0.21697086	0.5547827	-3.1270943	-0.25468707	0.28303167	-0.31747288	0.2027807	0.08540329	-0.13228038	2.2476966	0.69049627	-1.3669612	0.22866783	-0.033161417	1.5228013	-0.7792944	-0.057643138	-0.6233477	-0.5412519	-0.0075314343	-0.2440658	-0.3304179	0.6898256	-1.05985	-0.5036125	0.82615435	-1.0541675	-0.15101685	-0.22182415	0.8146927	-0.86064684	0.08491776	-2.082964	-1.2666937	-1.2656044	-0.20763983	0.91031295	-0.032203943	0.40603355
relu
relu
hard_sigmoid
