4
5	12	12	4
5.10983419418335	-0.08644695580005646	2.3798794746398926	-0.09429943561553955	0.09158696979284286	0.7766402959823608	-7.970895290374756	0.7264121770858765	-0.7026509046554565	1.2262505292892456	0.0024904017336666584	-0.21659186482429504
3.668001413345337	-1.3488984107971191	2.696627140045166	1.3357666730880737	-5.827239990234375	-3.6263630390167236	4.4670610427856445	-3.4094629287719727	-2.461967945098877	-2.6559975147247314	0.7870135307312012	-1.6317532062530518
1.2642087936401367	0.546038806438446	0.16723677515983582	0.6268467903137207
-0.5612379	-0.8658574	-3.0286515	-0.9938101	-0.42852703	0.018703135	-0.22236548	0.5866257	-0.96045506	-0.279694	15.075857	-3.1924706	0.045418236	-0.10315093	0.7326789	-0.025483908	0.19696483	-0.169953	-0.06477044	-0.0050864057	0.71031034	-6.7794147	-0.0465493	0.019909123	0.020064557	-10.366571	0.20853896	-0.014948434	0.019971585	0.13693346	-28.086405	-0.040101733	0.07956199	0.09377052	8.320725	-18.571835	0.43274382	-0.0034913716	0.024060983	-0.3883258	-1.2869993	-0.25729734	0.33896247	0.012196591	-0.351416	4.6587267	-1.2683817	0.06296333	-0.23004751	1.6559439	-0.030728081	172.69077	0.111712135	-0.039072443	0.1590556	22.997562	0.06102158	0.02303458	0.043583028	-0.20299377
3.942284	-0.66833156	1.4312128	-10.9493065	6.735548	-5.6449995	-6.5506396	13.744289	-0.31924132	3.992222	2.9652698	-8.377254	0.12285865	-0.039662957	0.6585553	0.6923727	0.08646924	1.696734	0.0030850142	-0.40743408	1.21095	0.030108629	0.03419692	1.8898203	0.4761404	0.8785773	-0.029790629	-1.199165	1.0704687	-1.486458	1.3889722	0.20327744	-5.010504	0.0951856	-2.2131362	-0.80352813	-1.2911924	-0.10999496	0.22281244	-1.3260332	0.23627363	-0.138715	-0.38207093	0.6366753	-1.0339625	-1.394874	-0.21502085	-0.6935871	0.24474575	-0.5078661	0.15354395	1.5711317	-1.1611906	1.5882218	0.087693244	-0.12611145	0.10003327	-0.1810094	2.1186013	3.5325587	0.33246872	0.18725379	0.029884761	0.5402752	-0.8931866	0.4301321	-1.6393268	-0.26952657	0.6961582	-0.24034096	1.5467732	0.07522885	-0.04187345	0.03376162	-2.3715231	-1.0577475	-0.032385875	-1.3545237	-0.067296445	1.7287153	-1.3958235	0.66095793	-0.004536412	-5.0009527	0.5263047	-0.1598085	-0.8337844	3.080953	-1.151762	0.9741662	2.9831078	-4.1427236	3.7150173	1.1454092	2.878926	2.8150265	-1.9640757	0.066318154	4.8050103	1.1780725	-0.5876998	0.1651629	-2.275694	-1.3359809	0.58114386	-2.6429198	0.83897954	-2.446268	0.39406365	-0.22286716	0.14654	0.07456141	-0.4150368	4.266265	0.0033484409	0.01746414	0.9739343	-0.59624106	0.49593487	1.4215529	-3.299135	-0.23686916	3.3911119	6.726515	-1.4524	1.4257985	1.3700544	-2.2349763	1.4080008	1.0172111	-3.5950809	0.7390618	4.622914	-0.021089785	-0.3062811	-7.0376263	4.8668203	-1.3769054	-1.8810261	1.789115	1.4263579	-2.9494483	6.2803483	-2.336453
-2.6630712	-0.051647164	1.5412285	0.24110153	4.2357335	0.6461366	0.3337968	-0.44255233	-0.08908867	-1.0383788	0.12380984	0.31261355	-1.7388029	2.2443197	-0.52583414	-0.018564103	-0.76251197	-0.22527996	5.4696584	0.12301055	0.11201596	0.01907312	0.099335745	0.15212007	-1.7617422	-0.07711115	3.095855	0.55994505	0.9856648	5.842907	-0.032952257	-0.17043309	-1.5558658	-0.034700837	0.8457027	1.2734758	-2.7615504	-0.08574891	-4.9838667	-0.054450706	-0.8401819	1.1292	0.22583735	-1.9677228	-1.4117877	-1.018261	0.48933128	0.8113165
softsign
softsign
hard_sigmoid
