4
5	8	8	4
-3.2099130153656006	-2.415081262588501	-1.7584351301193237	-12.482772827148438	2.7370994091033936	5.228809833526611	-0.8125948905944824	3.0884201526641846
-0.14310580492019653	3.1133952140808105	4.4974164962768555	-1.4948170185089111	0.3305663764476776	3.381714105606079	0.46329736709594727	0.2187862992286682
-0.17324000597000122	0.014345004223287106	1.1165460348129272	0.46725672483444214
4.3104315	0.04604597	0.26926398	-0.3778996	-0.24767604	3.0141377	-41.382412	-0.29441756	-0.08140185	-0.009275363	2.6499138	-0.106057435	0.008642556	-0.0031197416	-0.009350886	10.7592125	4.27748	0.9748505	0.0024117525	0.052549887	0.7266073	-0.03203903	-0.047774993	-0.102134325	-2.8780828	-3.80663	0.029232942	-2.8032534	-0.39629573	-1.4092954	1.360514	1.3679988	0.0039433213	-0.078362785	-0.085776776	1.8795638	-0.06499731	-0.037785746	-0.033388656	-4.0248218
-0.06828236	0.009820243	-1.1159866	0.13709243	0.34550005	-0.013224576	-0.059806485	-0.269678	-1.9908556	1.9563708	3.3364618	0.4127851	1.4032562	0.04510515	-0.7989051	-1.8998877	-1.4096904	2.4180145	-4.8095613	-0.38198903	9.686124	-3.3763065	-3.0756063	-7.4470825	-1.6494234	3.1175628	-2.0865903	-0.062060416	-2.937425	-0.03109605	2.6738071	3.4229598	0.26815158	-0.51969475	-0.29009855	-0.15450586	-0.053584833	0.020858997	0.1324797	-0.022887796	0.99272096	0.35480556	-1.2769545	-0.42737016	2.2306669	-1.531883	-1.9600861	-3.238771	0.041863047	-0.014253867	-2.8620367	0.2909847	0.7182732	-0.01094177	-0.2008736	-0.61227983	0.21035247	-0.088245966	-2.8581069	-0.0042071952	1.8052171	0.05515384	-0.93071765	-1.5610428
-0.15236455	0.19416058	-0.13786668	-0.5392713	-0.17450319	-0.25087616	1.139524	-0.9490693	-1.4360074	0.0031774165	0.045926947	0.02182839	-0.021169279	-0.017933516	2.3348947	-0.1508944	-0.16201024	-1.0231348	-0.109060064	-1.2851502	-2.4942305	-0.4651348	0.58157414	-0.30612794	-0.2985022	-0.85454017	0.54517674	-1.4745542	-2.361955	-0.73416644	1.5095775	-1.1340568
softsign
softsign
relu
