4
5	8	8	4
-6.550062656402588	-1.0967803001403809	-5.426058769226074	-0.9072616696357727	-1.2892969846725464	2.1367292404174805	5.2856340408325195	1.2969391345977783
0.41562336683273315	0.8889569640159607	-1.0062276124954224	1.0414416790008545	-0.9277623891830444	-1.7152611017227173	1.9004104137420654	1.463636040687561
-0.5816743969917297	-0.06826572865247726	0.8759786486625671	0.5461762547492981
3.2309804	4.080431	-0.01532536	0.18556154	-1.0666564	2.042333	-0.115480594	-0.16964921	-0.103629515	-0.039179146	-2.318416	0.76484066	-0.057327174	0.020550994	6.1033773	1.8463259	0.20056285	-0.068943806	-0.16229242	-0.17627499	1.5077332	0.18181364	-0.085257396	-0.007781383	0.22058329	-3.109763	-0.010720798	0.07877153	-0.03748197	-0.16436455	-6.3294783	29.968258	0.76873946	0.10905365	-0.98490155	-1.6769263	0.22996694	0.39643347	0.06858791	-0.35103318
0.32468244	-3.335563	-0.26932096	1.1532079	-4.7288575	2.1549604	0.119241655	-2.4410045	0.044175737	-3.7527947	0.18572286	1.0789622	-1.3883371	-1.4636934	-0.35605323	-1.3239223	-0.11037495	1.0796802	-0.29980907	0.3135428	-0.37241888	-1.9493545	0.26860443	0.90446526	0.35755244	4.111684	-0.038062878	-3.2228856	2.723989	4.3057294	0.14537004	0.632535	-0.17198077	1.6194127	0.044702727	-0.32306683	-0.8459441	-1.8043556	-0.05488322	0.91312784	-0.14916016	1.6800013	-0.514161	0.96743035	0.8812351	1.5223565	0.63457817	0.6156796	0.06757376	-2.7344775	0.16141981	0.07256107	2.8052058	4.332329	0.010241261	-1.5456411	0.9939881	-3.7857444	-0.1462782	0.8726548	-0.17728205	2.7439153	0.034892533	-2.2582748
-1.916433	0.7318106	3.4169059	2.2088263	-2.8438618	0.30962834	-0.33311647	1.2541277	0.1514232	-1.2269899	0.18087587	-0.82096887	5.3355803	-0.49133414	4.017433	2.7233028	-2.4218626	8.124463	2.4117506	6.5480895	3.2153523	7.40276	-0.4805617	1.184345	0.94932324	4.552795	4.4114256	-0.1890305	3.284522	3.2825136	1.5029368	2.858225
softsign
softsign
linear
