4
5	8	8	4
-11.554136276245117	-1.1070623397827148	-2.1224749088287354	-0.6936260461807251	-1.8744239807128906	2.0934016704559326	2.8047542572021484	1.1577695608139038
1.455623745918274	0.4681280851364136	-0.8092923760414124	1.4555108547210693	-1.5890084505081177	-1.641251802444458	1.6792216300964355	2.067668914794922
-0.704062283039093	-0.34048065543174744	0.6016950607299805	0.2088371068239212
9.719681	4.4646554	-0.23613532	0.28172085	-1.2289096	2.0422335	-0.44377038	-0.02013791	-0.08780739	-0.12573625	-2.3723996	0.34614056	0.056836993	0.0894989	3.0988812	1.678902	0.52923477	0.049003687	-0.14647529	-0.3090292	2.3388917	0.6643676	-0.16258435	-0.1912367	0.51052266	-3.256588	0.0840624	0.02427803	-0.012620812	-0.08008128	-3.5779045	25.657213	0.7783352	0.360681	-0.7633896	-1.4529428	0.45393413	0.108162045	0.10325868	-0.2754003
1.0232152	-3.2301483	-1.4391502	2.0631144	-3.8889627	5.821897	-0.5925351	-4.0722833	-0.04910329	-1.7290852	0.075633496	0.09221276	-0.5511218	-0.4402154	-0.124644525	-1.0050268	0.0014165452	0.98638946	-0.44888067	0.055170886	0.4938391	-1.1512251	0.22180735	0.765453	1.0656521	5.6636496	-1.1487496	-4.004697	1.4961181	6.5877447	-0.22131349	3.650682	-0.80442953	0.6002651	-0.11784155	-0.064829506	0.20181134	-2.3830278	-0.05806307	0.9563609	0.18731739	1.7576686	-0.7302131	1.6817896	0.64892274	1.865808	0.6284449	-0.108570084	0.07982968	-0.26412565	0.49720764	-0.61127996	0.41922915	4.6174045	0.007744098	-0.16830105	1.4306718	-1.0877954	-0.10236908	-0.22906035	-0.533647	4.139713	-0.04941236	-1.7098097
-0.7413934	2.051319	3.6843958	0.26579338	-2.5691638	-0.10489144	-0.16680343	0.82684284	0.12709913	-0.0029797717	1.5080667	-0.3870558	3.865546	-0.30158532	3.5097656	2.6011302	-0.8794223	6.647197	2.4284842	1.2525512	0.4466891	3.766953	-0.058785252	0.62667435	0.89422005	6.9627566	3.6310058	-1.2554481	-0.2878645	3.0335605	0.37699008	0.8142948
softsign
softsign
linear
