4
5	8	8	4
-5.66519021987915	0.6565519571304321	-1.8665121793746948	3.196932315826416	-1.3211709260940552	0.31949642300605774	1.181307315826416	-0.9721460938453674
-5.204477310180664	-3.558692455291748	0.10521047562360764	0.9669865369796753	-0.45929935574531555	1.75429368019104	-1.027742624282837	1.0781950950622559
1.133379340171814	0.6496689915657043	2.4381606578826904	2.647055149078369
-3.6435065	-0.083313294	-0.26054448	0.32939616	7.2215385	-0.44169247	19.50688	0.12623441	-0.10568868	-0.027372597	2.7899752	0.07973202	-0.004349451	-0.00986793	0.032646794	-4.682789	0.45706198	-0.07228716	-0.001244617	-0.04577328	-1.0851691	0.42856207	1.7853621	0.25934365	0.5399973	-0.4016219	489.76645	0.084198855	-0.014319259	-0.015058067	-1.2114557	-0.6416616	-0.5091373	0.42896816	-0.02185022	1.2510408	-15.596286	-0.1487977	0.03892198	0.048876774
-1.690283	-1.9742798	6.8729677	2.5033996	-0.5304895	1.0933608	0.5437944	-2.752688	-1.5742234	1.5084829	-1.5625336	-0.15081415	-0.3489159	0.8926667	-0.7370227	0.46460137	-0.46003914	3.7751215	3.508102	4.5280766	1.3985071	0.28454658	0.46075523	2.3144119	0.52413225	2.1890185	-2.4593174	1.0471898	0.61609197	0.007677035	0.15730377	1.8556498	-0.1582348	0.17968296	1.4845239	0.46073523	0.025627121	0.13724552	0.10697487	-0.1259799	1.3334379	-1.518028	-2.8897295	0.616024	-0.4885852	-0.0074324002	-0.40052515	-1.2632633	-0.6545119	-0.176253	1.4776767	-0.4314657	-0.0067292512	-0.0040193587	0.03650281	-0.12332441	-1.9234358	-6.9316187	2.5088196	1.6213689	0.9751317	-55.234627	-1.4214467	-22.374739
2.2369366	-0.24017406	-0.7883115	-0.1609272	2.561886	0.37814277	-1.6643245	-0.20459902	1.4949982	-0.18484174	-0.12238737	4.322611	-0.3326586	3.3014836	6.72723	0.017397437	1.867022	2.0949829	-1.1523446	-1.5653857	1.32201	1.7198737	-1.2388151	-0.21240097	2.1907535	1.8497366	-2.7188988	5.3759766	2.1334617	-2.398587	-0.29244438	-0.13116223
softsign
softsign
linear
