4
5	8	8	4
0.18291738629341125	-0.5640990734100342	0.03326791897416115	2.738790273666382	1.499832272529602	1.155591368675232	0.02636692114174366	-0.9122729301452637
0.7765953540802002	1.0416946411132812	0.33598628640174866	1.5492589473724365	1.279805302619934	-1.762521505355835	1.3234225511550903	0.7813704013824463
0.015178242698311806	-0.5219009518623352	-0.056362345814704895	0.010968583635985851
-0.124287106	3.4698482	-0.0027935563	0.15536043	0.29147485	-2.8080919	0.07812799	-0.017473198	0.059375767	1.912781	0.11826765	-2.344741	0.011760472	-0.10804715	-0.034395218	-4.328056	-0.0420686	0.04519304	-0.09449192	-0.054581013	-2.5904891	0.5380225	-0.0645605	-0.040238455	0.10336576	-2.588041	0.08639151	-0.23310535	0.0041300715	0.3946854	-0.056966875	-0.08354788	-0.013295852	0.05164887	-0.12561725	0.70890313	0.6918974	0.1803932	-0.6568015	-1.2197819
-0.25331828	-1.3231473	-0.16574807	1.9512389	-0.7500592	2.7043421	0.9029413	-0.03488574	-0.3104156	0.44716582	-0.17461428	1.8301494	0.42295533	0.14899789	0.9011336	0.0062868465	1.9919512	-0.42131186	0.5675422	0.09452005	-0.8900853	-0.013470021	3.0008984	1.4632686	-0.0047097914	1.6140319	-1.2583532	1.7767973	3.2149153	-3.2366898	2.6212726	0.2502864	1.1184013	-0.06814018	-0.40603945	3.891411	-2.7977133	2.1843472	0.87443614	-0.05272875	0.8189751	-1.265177	0.8643181	-3.352244	-1.5178081	0.84135354	-1.8970971	0.54793745	-2.34462	0.3594302	-1.9199259	1.9407207	0.21956597	-0.15932827	0.72031164	-0.30035162	-3.0360315	-0.08902953	-2.4544737	0.0015018499	-0.7069561	-0.06522522	-0.10594471	-0.15199521
3.269332	-1.8492522	-0.58168286	3.5051117	-3.32204	-1.1329793	-3.3278463	0.32572508	0.79869866	3.039786	0.009059823	0.35220528	-1.7708251	-3.9822814	-4.659895	0.9611132	2.7413044	0.2823453	2.2590983	2.001506	-2.525069	-0.029181736	-2.4892929	-2.6605012	0.45090863	-5.151206	2.5598228	-0.044768527	-1.7493969	-2.8649538	2.9587836	-3.8152046
softsign
softsign
linear
