4
5	8	8	4
0.6022729873657227	-2.6301910877227783	-16.19449806213379	2.5780107975006104	1.4008842706680298	-10.414701461791992	-3.927215099334717	-0.034439075738191605
0.06691312044858932	5.709523677825928	-2.7316946983337402	0.2258721888065338	-0.9975443482398987	-5.782625675201416	-0.29617130756378174	1.9172029495239258
0.6756123900413513	1.9023771286010742	1.1727814674377441	-0.002252885140478611
-0.9033453	125.80554	0.75551057	0.07624728	-0.11200629	4.176218	-0.038767412	-0.037863243	0.008475367	-0.018774312	8.041648	0.42253864	6.29572	1.5644819	2.800496	-4.622146	-2.7766519	-0.14205231	0.14856276	0.45008156	-2.5339544	0.032172676	0.17596258	-0.8473606	0.0020226215	-5.457982	0.07815149	-0.02191218	0.2426646	13.038626	5.6602645	-1.6453354	0.06820724	0.0488925	-0.1376746	-1.4707189	-0.46235466	-0.16592441	-0.08765855	-0.8256162
-1.2422707	-3.4447606	-0.67821735	0.7433991	0.18076111	-0.0045157187	2.5687253	-3.6205833	-4.2817073	-0.24461891	-1.4991028	1.8696654	-0.4329488	2.879176	0.26052436	-2.1433382	1.4511386	2.1749966	-0.88280886	-0.6888367	-0.48448977	-0.4256267	-1.7192087	1.8789536	-0.00992206	-7.6659484	-1.7409831	-0.16791098	-0.03884342	0.377409	-0.022185462	-0.61573	3.1235998	0.3319457	3.7854507	-1.3678808	-0.52435064	-1.8453943	-0.22846217	3.0524313	0.46129957	8.458585	0.8976213	1.9114475	-0.50401735	-0.9801002	-12.368503	4.7665544	-5.2937407	-7.0960813	-4.8482795	3.8314588	-1.7233732	1.3731853	0.38155684	-11.329018	0.0041092634	-7.667194	0.29123786	0.36643687	-1.3379424	-1.6121995	-0.7208086	4.2103686
1.0876387	0.52743083	2.2525985	-0.079561725	-0.059742454	3.0446434	-0.29971242	-0.08012042	-0.08168556	0.2555098	-0.3990109	2.6890786	0.48343736	3.0403147	0.046106495	1.1533803	1.0139828	-5.1792183	1.6082705	-0.10309254	-3.82594	1.8552375	-0.3582043	0.007147237	-1.6643571	-3.8892221	-1.906297	-0.062254198	0.45271903	2.5306876	3.5931292	-0.15308791
softsign
softsign
hard_sigmoid
