4
5	8	8	4
-1.246354103088379	0.25491607189178467	-0.9854127168655396	-4.0809831619262695	0.6098350882530212	1.7364288568496704	-1.418243169784546	2.064417600631714
0.11321263760328293	0.7762002348899841	1.4515299797058105	-1.9483870267868042	0.6582657098770142	1.9330476522445679	1.0549116134643555	0.6827829480171204
-0.42756858468055725	0.12891070544719696	0.3030281960964203	-0.30645614862442017
1.3508689	0.21499202	0.09305171	-0.08779881	-0.22732046	-0.31810957	-37.627556	-1.321185	-0.7395599	-0.1264458	1.4939624	-0.036098592	-0.0041431654	0.007347479	-0.0047476403	1.2317119	2.836955	0.2704002	-0.04237223	-0.7901934	0.6076191	0.09088502	0.05549806	-0.12454072	-0.81734663	1.1285753	-0.14060938	-2.356383	-0.38638383	-0.25697076	2.2634816	0.3356702	-0.010449914	-0.006585576	-0.10357734	1.4599874	-0.20902096	0.017123928	-0.1314377	-2.6150048
0.032200046	-0.018543283	-1.9826483	0.4703561	-0.04897641	-0.018854914	-0.1726344	0.042658463	-2.1904364	0.5055675	2.9380875	0.24157044	1.3932383	0.0064836075	-0.9183833	-1.4157108	-3.264576	0.08105597	-0.68679243	0.7630911	3.4021723	-1.0070581	-4.3115077	-1.3183378	-0.85290986	0.51157886	-1.1401589	-0.5265029	-2.1185129	-0.89582455	5.908558	1.9225498	0.94622916	-0.385606	-2.3672407	-0.05237637	-0.18427628	-0.05230155	-0.3569373	0.17421599	1.2114737	-0.38290203	-0.327099	-0.7751383	1.4031113	-0.4135611	-3.7311685	-1.855469	-0.21022294	-0.014695989	-5.2380376	1.0005574	0.1329885	0.10447717	-0.4465719	-0.21163274	0.053856142	-0.029856078	-4.160434	0.5590204	1.2267025	0.0643855	-2.2908077	-0.43840772
-0.7095074	0.4681373	-0.11945857	-0.19991748	2.3226855	-1.3675393	0.7760097	-0.63818926	-0.9452618	-0.034232907	0.37074268	0.28585154	0.19992201	-0.19245592	1.6972908	-0.0567942	-0.0925841	-1.0312495	-0.21972357	-1.1839398	-0.14876205	-0.6785271	0.4721235	-0.43155453	-0.55866474	-0.73836464	1.340717	-0.058545318	1.0751905	-1.200904	1.2278241	-1.1762596
softsign
softsign
relu
