4
5	8	8	4
-1.2339434623718262	0.25922414660453796	-0.04559360072016716	1.1113667488098145	1.7587776184082031	0.22407791018486023	-1.7789552211761475	2.2377429008483887
-1.7436928749084473	-1.9524224996566772	-1.8061037063598633	-0.26494210958480835	0.02188127115368843	-2.8128890991210938	0.902480959892273	1.6549432277679443
-1.2779561281204224	0.9664287567138672	-2.837435245513916	-2.146313190460205
1.7006911	-0.28814325	0.08054447	0.13890333	0.1941663	-0.14456007	-3.758086	-0.15282662	-0.043788232	3.626323	0.567021	-0.70421773	0.09196709	0.095462896	-0.57646394	0.83639467	-1.0866017	-0.4539079	-0.13117237	0.06612776	1.7016947	-0.3538864	-0.37701058	3.786783	-1.5663098	-0.97516793	-0.14213145	-0.11563292	-0.06090233	0.70427626	-0.40063602	2.014377	0.042504895	0.12267341	-0.11088744	-3.5520084	0.3202858	0.02532353	0.0270364	0.19240429
8.203282	-1.6839025	3.141994	-9.042081	0.39162266	-1.2818394	-4.434848	5.3352075	-4.8752584	-2.0261273	2.3021946	-0.6775687	-0.5500108	0.38513938	5.833333	-5.9198065	2.6430147	-0.33631617	-2.0679624	0.2385048	0.4690595	-1.045507	-1.2299135	-3.6555452	-2.5619445	2.2207878	-1.9443183	0.6984273	2.834398	1.6029063	-0.0022826646	-2.7706244	0.47782758	0.0006759531	-0.8076009	0.47028708	-0.46290976	-0.8713043	0.347255	-1.6484146	2.5055401	-2.8721404	1.9651484	-0.3125469	0.96429616	-0.294693	0.13796702	2.8018496	-1.7861761	2.9017987	-0.12535177	-1.4898173	2.6064556	1.1216139	-0.7499561	1.2414473	-2.4352567	0.4540211	4.3225694	-2.0199547	0.18329224	4.1300774	1.9620733	-3.4272714
-0.31330287	3.8628597	-1.1354094	3.5303223	4.3657217	2.657401	0.41863987	-4.1384053	-0.02590689	2.1688485	-3.1745656	-1.5372696	-2.5166633	-0.33284593	1.1853107	-0.5510194	-3.313339	3.286822	-0.8964504	-4.3597994	4.000824	-3.2308488	0.34388244	-4.466702	-0.070441686	3.1932282	-2.0723064	-3.6988182	6.27471	0.9083798	5.644535	-5.3305397
softsign
softsign
hard_sigmoid
