4
5	8	8	4
0.5511279702186584	-3.1560323238372803	-19.424108505249023	1.1739892959594727	3.3458878993988037	-18.577451705932617	-4.954630374908447	0.6774917244911194
-0.5413088798522949	7.668923377990723	-3.911573648452759	0.09596028923988342	-2.0127053260803223	-6.227319717407227	0.14481310546398163	2.2053239345550537
0.8940965533256531	1.8149181604385376	1.4976497888565063	0.05475854501128197
-0.7856433	121.16112	0.5415579	0.06246606	-0.07312161	5.0258956	-0.07757338	-0.025108282	0.0013027666	-0.039137546	9.413587	0.3329938	8.2472	1.9866335	2.8800178	-2.4012337	-2.3835642	0.04989805	0.07282308	0.505764	-5.278117	-0.041062247	0.21516302	-0.34735373	-0.22563538	-4.566429	-7.386356e-05	-0.051537044	0.47862026	20.564423	7.156137	-1.8750783	0.028044526	0.039475746	-0.10443214	-4.7173495	-1.0224754	-0.46529287	-0.34506184	-2.443638
-1.1318874	-0.7851836	-0.28434676	0.80072004	1.4965265	0.5576693	1.3800066	-4.2335324	-4.5410595	-0.1748986	-0.85291094	1.8676472	-0.1292937	4.112996	0.09290142	-1.7041054	1.4425346	0.5277671	-2.4367118	-0.76307565	-1.5349603	-0.733851	-1.0274882	2.0103838	0.028969923	-9.559993	-1.3264602	-1.2407668	-0.22450526	0.24377969	0.69257563	-1.4486121	3.8049061	0.06705108	3.2028127	-1.5127355	-1.3325896	-2.7868958	-0.1406733	3.9445024	0.49075487	8.922748	0.99953413	2.2070782	-1.2542433	0.011653382	-15.392211	5.3788037	-6.118174	-9.458311	-5.137118	5.3235407	-3.4047992	5.7409887	-0.06779459	-15.425132	0.0029633883	-5.0295076	-0.016426124	0.6501354	-0.3964326	-1.2365559	-0.51073194	3.0174398
0.5459073	0.04608661	1.4995985	-0.027126878	0.06766432	2.9235656	-0.14348768	-0.109679595	-0.22094484	0.018438982	-0.4499806	2.3613236	-0.019291816	2.920105	-0.09537223	1.5411507	0.95157903	-5.2569323	1.6546792	-0.06531195	-4.58475	2.1525373	-0.98994535	-0.027106067	-2.2216606	-4.675129	-2.0330517	0.055778254	-1.2000238	2.4913235	3.0078473	-0.23908824
softsign
softsign
hard_sigmoid
