4
5	8	8	4
0.33268073201179504	-2.3875362873077393	-14.819310188293457	1.29780912399292	0.40162956714630127	-7.463503837585449	-3.1456305980682373	0.23600217700004578
-0.014471055008471012	5.032281398773193	-2.1940724849700928	0.44869861006736755	-0.7954592704772949	-4.957089424133301	0.6997585892677307	0.5156299471855164
0.8171752095222473	1.7292630672454834	1.4390560388565063	-0.20864520967006683
-0.499428	117.828094	0.634265	0.104412526	-0.17350487	3.6914203	-0.031381603	-0.028390547	0.0101791555	0.013741078	8.690871	0.53774333	5.4628987	1.31741	2.4492698	-2.4987783	-3.7329133	-0.30953163	0.20435841	0.35112572	-1.887403	0.42877403	-0.011588487	-1.7320132	0.26119828	-4.665628	0.11749593	-0.03841043	0.27360827	9.630368	4.6286254	-1.2284768	0.058664914	0.012651578	-0.18842146	-1.3641338	-0.5076976	-0.19689584	-0.032512758	-0.99841374
-0.9247181	-2.9923723	-0.99527395	0.81549585	0.5479125	0.4086202	2.551919	-3.6842504	-3.8480444	-0.31452355	-1.7293097	1.7602595	-0.54457307	2.800756	0.086869344	-1.7931272	1.2083024	2.2662902	-0.41897377	-0.67446536	-0.61965513	-0.53967345	-1.8134952	2.0034215	0.005460565	-5.455039	-0.2987091	0.0808671	0.10960906	-0.33603474	-0.22779489	-0.023380987	3.1192763	1.2848192	4.264491	-1.1327467	-0.23332563	-1.5942546	-0.37423724	2.6697087	0.6223871	9.381495	0.1822095	1.8691504	-0.19128698	-0.8114563	-12.0140915	4.788148	-4.6314983	-5.7723303	-5.298557	3.8481266	-1.7207971	2.8478246	0.33494595	-9.935573	-0.096237846	-8.808539	0.56356126	0.84851944	-5.7929597	-0.24723473	-1.9689924	5.602889
1.0133098	0.67249775	2.2285693	-0.03345751	-0.07763338	3.2365634	-0.5032339	-0.1090143	0.0075508174	-0.24424699	-0.21134247	3.908732	0.27381968	3.0480123	0.53748304	0.39909118	0.9225378	-4.6217256	1.3234847	-0.0733343	-3.5013885	2.3199158	-0.72328925	-0.016078213	-1.871525	-4.1747193	-1.9063854	-0.028006615	0.2077876	2.7995028	4.1822896	-0.15778
softsign
softsign
hard_sigmoid
