4
5	12	12	4
3.68249773979187	-0.7863395810127258	0.5102099180221558	-0.311781644821167	0.3579624593257904	0.6434764266014099	-2.8073456287384033	0.728843629360199	-2.612545967102051	1.4808217287063599	-0.009893924929201603	-0.1493968367576599
3.3248112201690674	-1.3512274026870728	2.091564655303955	0.4368743598461151	-3.353419303894043	-3.1010942459106445	2.0061280727386475	-1.2935231924057007	2.6005709171295166	-1.2627476453781128	0.4473591446876526	-0.4408200979232788
1.2946515083312988	0.912813663482666	0.8160519599914551	0.11430264264345169
-0.25785917	-0.3207313	-2.9298415	-0.92933494	0.68119603	0.19197431	0.18688592	1.540192	-1.053599	-0.3846337	5.970544	-1.2548872	-0.23913582	0.016825495	0.36931112	-0.12259145	1.7130537	-0.35254207	-0.25431532	-1.2119371	-4.748876	-6.866559	0.03389178	0.10703514	-0.019066801	-9.544038	0.50026757	-0.15526265	0.0063147354	0.76375765	-14.905049	-0.14469075	0.11548067	0.20461786	3.0974178	-16.974974	-0.099399775	0.1619509	0.05758326	-0.2190239	-0.12842622	-1.7689503	1.9664943	0.78121066	-0.52058583	0.02324309	-2.078894	0.22688164	0.1132219	1.5667263	0.030352628	34.36784	0.21450868	-0.06225751	0.51218	11.238138	-0.24433349	0.39217037	0.25610593	-0.17689393
0.04152803	0.15153387	7.991341	1.6031606	-4.5530796	-0.51956105	-4.4896436	14.083339	-3.803022	12.064116	2.740285	-8.647889	-1.3797066	0.4184542	3.6143095	0.32043144	-0.44582602	0.88192266	-0.98638165	0.35784185	0.18055452	0.7846692	-0.6247639	0.52688086	0.42147547	0.23782863	0.2489684	-0.19933495	0.06876629	-1.1289369	1.4304285	-0.046328414	-2.1488	0.30679917	-2.222384	0.008362064	1.9944521	0.30392414	0.9124295	0.40535775	0.03431259	0.18238363	-0.4590088	0.7235861	2.0107405	-0.65769386	-0.5741949	0.1402245	-0.01272966	-0.27654377	0.10432642	0.3353885	-0.22569428	1.2335671	-0.3868719	-2.1743798	0.9991011	-0.1431384	2.0474508	0.21270412	0.403119	0.5583966	-0.090574875	0.25036055	-0.76928455	0.52762866	-1.2321846	-0.69134784	-0.45482314	0.23140381	1.2088002	-0.894278	-0.30624706	-0.12580721	-0.9495673	-0.086963475	0.20287628	-0.13130696	0.8891974	1.9623169	-0.6305341	0.10982351	0.105082996	-1.145121	0.051975425	0.15773845	0.86544824	0.5605164	0.78142416	-0.059339292	0.8147259	-3.5681193	1.7583584	-0.39875573	2.8591018	-1.8604133	-1.1762161	-0.6246313	0.5480631	0.68942535	-0.2647927	-0.4548359	-0.29129702	0.44532898	0.7823814	1.6330618	-2.4023962	-1.1120926	1.3258221	-0.024316402	-0.4021643	0.31825915	-0.4941609	1.9742873	-0.24005218	1.0695275	1.4875399	-0.01162251	-0.11758838	0.51451266	0.052608304	0.32517326	2.9754648	2.2157214	0.29386717	1.6298496	0.92815924	-2.7065532	1.6748208	1.116078	-1.4498324	-1.4928743	4.3615875	-0.9175378	-0.1056647	-1.358418	1.692965	-2.7458782	-1.1431102	3.3755891	2.786193	-3.182228	4.0752435	1.835412
-2.058313	-0.50658995	1.3997657	0.81198496	4.763255	0.09415517	0.16705135	-0.5152258	-0.23559827	-0.31216222	-0.0316455	0.29259682	-1.558764	0.8513555	0.09077597	-0.23329014	0.9760028	0.74659646	5.743233	-0.7020723	-0.36623093	-1.0684874	0.03181639	-0.11700564	-2.3313136	-0.29236516	0.33151266	1.1661873	0.43865806	1.9144297	0.026008086	0.053076465	-1.0698166	0.2495285	0.9690721	1.9749991	-1.443519	-0.5752785	-4.2993083	-0.34456575	0.8690953	1.1180315	0.26603195	-3.0228236	0.32829016	-1.4823569	0.26926988	0.57302517
softsign
softsign
hard_sigmoid
