4
5	8	8	4
-1.719800591468811	0.33100029826164246	3.4475395679473877	1.2307543754577637	0.8550490736961365	2.439673662185669	1.3295867443084717	5.715487480163574
1.9740562438964844	-0.2491101771593094	-1.2356611490249634	-1.4204055070877075	0.10437393933534622	-0.6408969759941101	-0.5689432621002197	-1.0700485706329346
0.5570974349975586	0.09942293167114258	-0.15408934652805328	-1.2575002908706665
1.7549415	0.4834756	0.102976255	-0.17907737	-0.58898425	-0.18754362	-29.978664	-0.20939589	-0.2689131	-0.4264815	-0.3502854	-0.93681073	-0.051594824	-0.02031881	-2.3803976	-1.6179354	0.16825804	-0.07109024	-0.022934595	-0.11159849	-1.5225769	0.07747627	-0.13678399	0.18344156	0.43495739	-0.5660549	-1.8289541	-0.30272478	0.12853718	0.72564805	-2.0575788	-0.046574943	0.015933217	-0.039755765	-0.068180926	0.024571374	-0.12116224	-4.7039504	-1.6145488	0.38473076
-0.09951371	0.63538665	-0.35023805	-2.067402	-0.5041813	0.59949267	3.6937716	-0.085852176	0.6225501	-0.0016479464	0.31328475	-0.48178864	0.0367708	0.6497815	-1.1548455	0.015829273	0.6254828	-0.004714043	0.5719478	-0.5042522	-0.21928187	1.0297378	-2.8243647	0.07144662	0.092259705	0.21449028	-0.25965255	-1.6956849	0.2971982	0.9663399	0.5155944	0.6784206	-0.07678536	-0.10566983	0.20912321	0.4082902	0.058143307	-0.49297518	-0.5409936	-0.061675	-0.3194354	-0.37122634	0.3543073	0.89950615	0.21683796	-0.65059346	-1.962411	-0.27875283	-3.9497619	0.03560087	-0.6177584	3.3132188	-2.0471194	-1.0786599	-1.3557498	-0.5203635	-1.4184345	-0.090699665	0.39486647	1.2025154	-0.844854	-0.2537507	-3.8641143	-0.29978898
-2.977746	0.21394594	-0.79856104	-1.5416659	-1.5208251	-1.5381062	-0.37739766	0.8067027	-0.06918632	1.4750217	-2.704635	0.21476658	0.38046247	-0.30919296	0.02550278	0.46166533	-2.6464057	-0.024410596	-0.65187794	-1.168228	2.3949904	-3.2608895	-0.80195063	0.46369135	0.024924122	-0.012020127	-3.1210473	-0.7968293	2.87096	-2.5773141	-0.8501486	3.2330592
softsign
softsign
relu
