4
4	8	8	4
-0.0027970836963504553	-0.7873443365097046	-0.27739188075065613	0.26996785402297974	3.0989536753622815e-05	0.5285775661468506	-0.0460023507475853	-0.4669492840766907
-0.29441604018211365	0.10841415077447891	-0.35254141688346863	-0.3507687747478485	-0.5759506225585938	0.8345442414283752	0.4967721104621887	0.18390098214149475
-0.679254412651062	0.11652684956789017	-0.6500024795532227	-1.257003664970398
4.3293204	-0.49803796	-0.011997788	0.037630174	-0.11680172	0.5284095	-0.014492047	-0.18620782	4.3716173	0.3147024	-0.0002875888	-0.024931403	-2.4911559	0.59020436	-0.04122443	0.040900256	0.030764015	41.64313	0.0065732324	-0.0023956946	-5.1532345	-0.5060398	-0.09459446	0.9318582	3.8404036	-1.5034338	-0.018154498	0.0133456085	-3.8604684	0.6570401	0.10087917	-0.8098009
-0.9996687	0.09701812	-1.6994113	0.9267396	0.017232517	-0.2168631	0.33606565	0.08810585	0.18693227	-0.06756546	-0.13913776	0.12920766	-9.542479	-0.007138899	0.59284073	0.23069285	0.2790493	-0.60051656	-0.24134545	0.5547084	-12.643551	-0.06955757	1.3723624	0.6042693	0.04919212	0.956655	0.35205874	0.3486528	0.16578189	0.12913753	0.22477116	-0.5845664	3.1553738	0.4210042	2.1447349	-0.07254602	-0.1225498	-0.5741362	-0.3092402	-0.5032982	0.5350545	2.73467	-2.5845275	1.4994098	-0.031370908	-0.71689224	-0.15157425	-0.8761526	2.7613127	-0.78486514	2.423569	-0.33728334	-0.10912597	-1.1025573	-1.0380331	-0.68635213	0.53741413	0.6877384	-2.5576813	-1.6177971	-10.645301	0.22084711	1.9539107	0.4865785
1.2201596	2.5948117	-2.2432964	1.7628131	-0.24749295	0.2561879	2.1505203	-1.1902974	-1.1142672	-0.4018434	0.21015364	-0.70727605	-1.0798435	0.68855655	-0.19418031	0.26414025	2.3230119	2.2293422	-2.1745646	1.7191515	-0.102805205	0.1554718	2.9209213	-0.84775937	1.1174588	2.6651144	-0.6409383	0.58769625	-1.361663	-0.4981506	2.4735794	-2.755578
softsign
softsign
relu
