4
5	16	16	4
0.013581249862909317	-0.3350090980529785	-3.2676172256469727	-1.779740333557129	-2.200352430343628	-0.018203498795628548	-0.6034846901893616	0.6240151524543762	-2.1754465103149414	-2.111055850982666	-0.21445532143115997	-3.063664197921753	-0.33936649560928345	-0.5563905835151672	-0.23756852746009827	-0.8075867891311646
-3.047907829284668	1.300244927406311	-0.9547621011734009	-5.073087215423584	-0.847834050655365	0.7113901376724243	1.858503818511963	-1.1569445133209229	0.18915511667728424	-4.383211135864258	-0.6841431260108948	0.02537950687110424	-1.404678225517273	0.5863613486289978	-0.4216873347759247	2.0343828201293945
0.025776736438274384	1.8641434907913208	-0.9982206225395203	-1.6507225036621094
-0.03869103	20.863468	-0.05868473	0.13490844	0.52650553	0.026254177	-0.22653508	-0.110666625	0.2300911	0.38880503	-4.7874675	-0.41640598	2.3997252	0.29014656	0.0067012548	0.18314755	1.0450562	-0.20897794	-0.6249979	-0.35881796	-0.9645243	0.47111946	1.5852765	0.07160196	-0.01492216	-0.12303094	0.53814954	-0.1704687	0.053294074	0.5361272	12.096517	-0.6230234	-0.021032356	-0.011340978	0.01524301	-15.26787	-0.1345878	0.03824013	-0.024877565	-0.020696102	-0.71822196	1.288276	0.88231796	0.09561237	-1.1670687	-5.697099	2.9297931	0.04495555	-0.053332444	2.345852	-6.511631	0.28834027	0.34185803	-0.82317924	-0.5813572	-4.4725246	0.6984097	-0.035000842	-0.16760486	2.4590974	0.029033652	0.6334795	-0.15619189	-0.25484598	-0.33933502	7.7706127	0.1156652	0.10505492	-0.13694274	-0.27884465	8.357037	-0.17843017	-0.2020607	-0.20959458	0.30320534	0.022456486	0.85426825	0.07391106	0.1441792	-0.11534958
2.6689434	0.12759101	0.5228257	0.51348275	-1.7323416	0.32899377	-0.52100205	-2.0238981	1.375655	-0.058997635	0.3135756	0.15310839	-0.22839032	-0.70044756	0.52337015	0.17018557	-1.0756016	4.115329	0.14348902	-1.6607513	-1.0161666	0.45140162	-0.10718722	-0.28692994	0.094345644	-0.052898552	0.15649886	0.18725312	-0.3878963	0.5338509	-0.51228243	1.3118942	-0.0021514932	0.1796484	-0.58405685	2.3017085	0.9497943	-1.3806508	0.62355113	-6.999207	-1.7252047	-1.0496284	0.53128207	1.3073645	0.23704687	-1.8726937	-1.030387	0.9672965	4.0239086	2.152343	3.6493816	4.6275764	2.7929745	3.0217047	-1.5362227	-6.9319158	-0.40444675	-0.8170643	0.055329353	-0.73250264	-10.5046625	1.3435571	-2.1228573	1.8021127	-0.0068618227	0.18675701	-0.44341934	-0.10519891	0.98611593	0.25919524	-0.9128054	-0.4642121	-0.72503304	0.3267463	-0.024156798	-0.34156752	-0.39330995	0.17731197	0.23455313	0.047464874	-1.2834954	-0.013333834	0.9260636	-2.976078	0.52112263	0.7673657	2.099089	0.48776594	-2.4825225	-0.05047664	0.8596411	0.45217818	0.4559424	1.9814013	-0.875082	-0.27066588	0.012521313	-0.43376657	-2.7393675	-0.050247546	1.3637182	-0.11230797	1.2327619	3.787079	0.40840006	-0.043373507	-0.21099453	1.5922561	1.2556013	-0.6725534	-1.1821871	0.6280176	-0.34436518	-0.7000264	-0.3777166	-0.31355938	0.24283049	-0.4546267	0.34996986	0.05483468	-0.33173648	-0.037366718	-0.9734294	0.40440503	0.10854188	-2.265554	-0.5778833	-0.12781003	8.380111	-1.4392493	-2.1845453	-1.5882169	1.9922389	-5.923865	0.021564111	-1.609657	1.2870511	4.50637	1.2898767	-4.1416273	3.4389265	-1.0902803	0.5582189	1.2464551	-5.0394945	1.2278293	3.0372446	3.7023945	-3.5178702	5.0719767	6.493732	-4.8080406	5.1433296	9.547881	-4.304459	-0.5419407	6.687281	3.0889235	0.50430655	15.606435	1.170296	-0.6920054	-0.6556329	1.5117438	-0.061620302	0.25432742	2.4099274	0.9997782	0.94877976	-0.46595064	0.020006046	0.4195191	-0.60332483	0.3316578	-1.3528742	-0.13286828	0.43539357	-0.17233096	-0.45096478	0.22026949	-0.03258633	-0.41277385	0.028232938	-0.56112593	-0.064627334	-0.09249436	0.680273	0.7989959	-0.68846935	0.33669594	-0.095571876	-0.5749094	0.39979416	0.5300169	-0.14375457	0.74284685	0.6575763	0.20838366	-0.79058516	-1.5835352	-0.09274251	-0.19358984	0.44241986	-0.75897497	-1.136877	-0.05959905	0.0626138	-0.3705193	-0.6588659	-1.7190083	-2.4136121	-8.109057	-1.9846764	-4.4699874	-0.44374043	5.827769	0.030960254	-5.3232813	-1.2800714	-0.3697275	1.1943799	-1.716952	-5.075093	-1.3080909	0.17353551	-0.91897947	-0.68006325	0.50952053	-1.2141393	0.83593756	0.08387368	-0.38643637	1.7396085	0.65512127	-1.1695194	0.49550927	-0.38517025	-0.40024638	-2.4050164	-1.7118796	-1.5593288	0.8382252	-0.83713764	-0.9190709	0.7932604	1.0807059	1.2680088	2.425402	-1.1216313	0.031566296	1.0010072	0.3754957	0.4567011	1.1122578	0.22553688	0.26181546
3.698295	-0.09419275	-0.15701078	-0.16156547	-0.76249427	1.7671788	-0.09126811	-0.3561917	0.40576583	1.6210735	-1.5489525	-1.0519332	-1.4819205	-0.81802124	-0.15181884	-1.1678721	-0.021657238	-0.3580077	-2.3120146	-0.20305012	-0.5195028	0.010185488	2.2787533	0.46324793	-0.02318165	1.5915147	-2.2024672	0.27374825	2.757894	-0.74055535	-0.14859739	-0.64422834	3.4567888	-2.5277655	-0.016093656	-3.2396443	-0.7801774	0.99160224	0.14007793	-2.041953	0.43381792	1.9430906	-0.42602426	-3.582731	3.891091	0.9492152	0.9368382	2.013127	-2.3872828	-0.9146245	-0.50391835	0.1877824	-2.7600572	-0.028495833	0.09615245	-3.9085612	0.23408106	1.7620164	-2.6171973	-2.6725943	1.9553962	-0.35577437	2.7073958	-2.6201465
softsign
softsign
hard_sigmoid
