4
5	8	8	4
-1.6958104372024536	1.2164262533187866	-0.7506712079048157	-1.4170341491699219	-2.3706538677215576	0.7272231578826904	-1.5281914472579956	5.650241374969482
-0.029456723481416702	-0.16469408571720123	-4.128078937530518	0.12108957022428513	-0.18829508125782013	0.5059680342674255	-0.5641798377037048	-0.3796757161617279
0.5866109132766724	0.0658612996339798	0.40188220143318176	-1.5885899066925049
1.0950688	1.2804037	0.4654004	-1.310019	-1.5166845	-1.5338799	-0.423029	0.30721647	0.23871315	0.019349055	1.0982314	0.42008072	0.06410292	0.1250923	0.29366377	3.433629	-1.3046814	-0.020701349	-0.013342845	-0.6502546	2.7709975	0.4477675	-0.032940187	-0.026216662	-1.0459697	-1.0946339	0.39289123	0.009217112	-0.01976474	1.2499973	2.21502	-0.040054046	0.0104818465	0.008742878	-0.046173908	-1.7719789	-2.764934	-1.4456424	-0.4523524	1.686769
-0.3343216	0.54600346	-0.93519145	-0.10951428	1.2720504	0.20282453	1.9244896	0.97297186	0.24160662	-0.027487075	0.28894427	0.050160546	-0.922092	-0.52030426	1.6330094	0.529236	-0.13544932	-0.8504428	0.017270558	-6.7215858	4.890602	5.71404	11.665031	-0.7191316	0.016663365	1.2607211	-3.2406816	0.22526483	2.1369936	1.4715922	2.4494321	-0.46324253	0.03531764	0.20491743	-0.08927754	0.039030932	1.1565454	0.48063275	-3.5407794	0.3933142	-0.30645943	0.08310869	-0.59580714	0.035758555	0.5328009	0.07614593	0.285676	-0.34733117	-0.11354866	-0.20506798	0.2013127	-0.22474107	-0.903656	0.16461782	-0.25636113	-0.49271846	-0.022676025	-0.2827478	0.4048447	0.048626337	-0.8284109	-0.39460608	3.691316	0.39369404
1.0330502	-0.578701	1.0991288	-0.54473084	0.55069166	-0.66294694	-0.3469748	0.33051962	-0.5021143	1.417793	0.51104915	-0.9377288	-0.5992483	1.3610358	0.063505575	-2.321933	0.44530395	-0.846754	1.0270473	-0.38952583	0.6579353	-2.003163	-1.9945533	0.6048576	-0.2553148	-0.9056566	0.1718147	-2.4644701	-2.7940748	-0.16579512	-2.266538	-2.2846167
softsign
softsign
relu
