4
5	12	12	4
-2.5012385845184326	0.7091551423072815	-0.42661330103874207	0.03745328262448311	0.6577262878417969	0.7065901160240173	0.5391678810119629	-0.07589618116617203	-2.9306726455688477	-0.7710602283477783	-0.6325758695602417	-0.7549359202384949
2.9643454551696777	-3.8705317974090576	4.128254413604736	1.4609876871109009	-0.7198265194892883	-3.3100461959838867	-6.717280864715576	-6.9269633293151855	4.3010101318359375	-1.4259603023529053	2.6022815704345703	-3.4897103309631348
-0.5477128624916077	0.8856154084205627	-0.6990055441856384	-1.895866870880127
5.4579206	-0.2563748	-0.29153177	-0.034980323	2.5732589	-5.8639936	2.3559144	-0.1918569	-0.02926093	-0.14974894	8.049231	0.38890797	-0.10405915	-0.5777288	-0.093445815	-0.040335786	0.89418435	-0.847083	-0.059173316	-0.00023474288	5.441531	-0.4497898	-0.7436766	-0.030332448	-0.60142505	4.8728824	0.40504572	-0.7064767	-0.097301915	-0.6412428	-13.336894	1.2840832	-0.14763077	-0.08222736	0.24100395	0.72506714	71.537415	-0.12673008	-0.022951657	0.04986439	0.08785751	2.684322	0.37520778	0.0032894288	-1.723775	16.01325	0.12911135	0.020902997	0.0011695181	-0.035915706	-0.017102718	-0.31007364	-0.2494289	0.19801879	1.0377228	-0.28193203	0.6939555	0.98475903	0.16133991	-0.2421876
-0.16898625	-0.40680575	-0.23639205	0.20336659	-0.3917758	0.11494302	-0.5666512	-1.3087628	0.22365794	-0.4858534	2.3238	0.07723192	-0.36005417	-0.6760991	0.16132191	1.2674897	0.62104017	1.0989323	2.2515101	0.37072212	-0.8480877	3.4572744	0.28549904	0.38289344	-3.0303566	-0.8107597	0.6441235	-0.94923854	1.6250162	1.8178072	-2.800087	-2.489463	-1.5323787	0.7830095	1.34172	0.6071892	0.09202207	0.9953333	-0.10963827	-0.027099494	-1.196739	0.85617614	-0.73881304	-0.059084672	0.8083373	-3.5353343	-0.041818317	-0.24305826	0.309056	1.6287074	-0.23495609	0.6024754	-1.1176631	0.70172477	-2.7966146	-0.18580762	0.23256859	0.7191136	0.21862426	-0.18743618	1.9525651	2.0465367	-1.2185105	2.7956953	-0.13385803	-4.8601108	1.216462	-0.31050777	2.143515	9.617566	-0.4291397	0.06597344	0.46020564	0.4386001	4.4410625	-0.5844602	0.6744082	-5.704467	0.6335158	3.7410972	-0.70725894	0.1337372	-7.8215203	-0.4563423	1.5287522	1.1856711	-0.9161514	-3.033633	-1.7332141	-0.123633176	1.2196658	3.2844906	0.6192945	6.820323	1.8984091	3.8759623	0.90097886	-2.6534393	-0.33310598	0.31942546	0.008611156	0.119739026	-0.26860142	-1.5870565	-0.18573798	0.72046566	0.6315545	0.10230422	0.08205334	2.793115	0.16342045	-0.65167445	-0.54197353	0.13690068	-1.3264346	-0.13865522	0.22128108	2.4458017	0.1350387	-0.657636	-0.082658544	-0.053828184	-0.1714199	-0.7963904	2.3671916	-2.6727304	5.7396393	0.46798658	2.45509	4.9350696	-0.21217377	0.42808142	0.310727	1.0578818	-0.100592345	0.2249608	4.229107	-3.8726475	0.12456645	0.99451756	0.38185835	2.4935534	-2.8720987	0.1838667
-0.11748323	2.1761277	0.5173232	0.82235867	0.2965021	3.2389634	-0.22382604	-1.1808434	0.56753343	0.46654877	1.8025793	0.3027575	-1.5565027	0.7952483	0.19643925	3.6368876	-1.011747	1.8755727	-0.17131631	0.4789681	0.952973	-0.41409093	-0.17906903	-1.5051429	0.2126248	1.0222092	1.5460129	0.37039593	0.6216887	3.5405905	2.3121119	-3.9136767	-2.3330007	-0.20997344	1.6362861	-0.49810162	-4.6088705	-0.43680888	1.7814487	-0.0063284286	-0.3624598	3.27358	-3.068535	0.5178717	-2.0787122	0.6039637	0.48927483	-3.9680872
softsign
softsign
hard_sigmoid
