4
5	8	8	4
-0.0004005544469691813	-0.16233980655670166	-0.13573287427425385	1.2284873723983765	1.1932249069213867	-3.117729663848877	-2.9720325469970703	0.3673119843006134
1.488256812095642	-2.084576368331909	-1.3635330200195312	1.9541401863098145	0.7833642959594727	-4.666581153869629	-4.4336700439453125	1.270807147026062
-0.39336469769477844	2.502991199493408	-1.7877066135406494	-1.941217064857483
0.60256547	-82.42081	-0.8710787	-0.09669241	-0.55794185	4.6439247	-0.32648626	-0.1345237	0.0138387475	-0.10605439	-14.18127	0.85166806	-0.65909725	-0.035379805	-0.40379673	-14.69374	-0.1642536	-0.07091882	-0.032008618	0.0006418461	2.7058964	-0.5303705	-0.0665398	0.98069525	0.69098693	-13.422226	0.4423654	0.07076758	-0.21790557	2.8502018	0.71691155	-3.048109	-2.1456745	-0.8891129	-1.1039877	-0.17646101	-0.48420155	0.4474961	0.0063245236	0.15037884
2.080245	1.0802065	0.11113395	0.23397171	0.4256353	0.21322478	-0.7115546	-0.033496078	-2.1760404	0.403561	-4.713596	-0.30742696	-4.983689	0.59191567	-1.1629285	-2.0154924	0.11293807	-0.06995193	-0.031598058	1.3786716	0.4116401	-0.21634373	-0.6647014	0.20430855	1.3573623	0.846305	0.75971806	0.021416899	0.28802073	-0.09142416	1.3849078	1.8692228	-0.026134873	-1.0653025	1.8005611	0.64759845	-0.20870192	0.39270747	-0.7885431	0.33517697	-3.2499328	-2.1599865	-3.457804	-0.51128286	0.11486503	-0.711656	1.3850099	-1.6398523	-1.8324723	-4.374211	-7.5769544	0.08927335	0.8910894	-1.6526119	3.0631955	-10.374148	2.2404642	1.2087456	0.3811778	0.14748871	-0.45650095	-0.24088383	-1.5962472	0.6957326
2.0440013	0.043835767	-2.0686922	-2.074188	1.6483473	2.0267627	2.7546632	1.7209877	-1.4817339	-0.4973132	2.254786	1.6279192	4.8304205	1.1559317	2.7662172	0.7615444	-5.9767575	1.1734086	-0.21074224	-4.376781	0.1672121	-5.0326576	4.6701965	9.020951	-7.9540606	-3.3388872	-3.1184146	-0.13270397	2.3230512	0.7741094	3.3296182	7.5799336
softsign
softsign
hard_sigmoid
