4
5	16	16	4
-2.3235411643981934	-2.114468812942505	1.5949901342391968	-0.02024969458580017	-0.05572564899921417	-0.008973902091383934	0.44643646478652954	-1.9289957284927368	-0.2019585371017456	-1.4042402505874634	0.7527889609336853	3.199932098388672	2.3967227935791016	-1.6618995666503906	0.42965167760849	0.06679491698741913
0.400339275598526	0.22121764719486237	0.7473958730697632	-2.43636155128479	-2.7111635208129883	1.8183280229568481	0.10028813034296036	-0.1308635026216507	-3.212825298309326	-0.010843301191926003	1.0057462453842163	1.2643226385116577	0.7452327609062195	-1.4520580768585205	0.016012875363230705	0.44935059547424316
1.5664212703704834	0.9989475011825562	-0.007089673075824976	-1.4962772130966187
0.06884647	0.11323818	1.9178083	0.53794914	0.0021088915	-3.3547876	0.023169642	-0.0056032566	0.022558637	2.161998	-0.1664933	0.37023067	-2.1540244	-0.16870423	-0.4301003	-0.009850104	-18.42635	0.021869903	0.026437005	-0.33621278	5.8852983	-0.25096127	-0.25842586	0.2704181	0.13481157	1.780825	-0.60708326	0.21049185	0.113699205	-0.58029723	0.07849493	-0.39182624	-0.06745692	-0.09638854	1.0326415	-1.5956149	-6.990456	-0.050641976	0.011433995	1.9996517	8.167971	-0.1066455	0.07091162	0.09845611	-0.10323121	-0.3820155	0.35574797	0.76377827	-2.5107613	-0.6416958	-8.4985695	0.23005825	-0.007891682	-0.028201364	0.24971843	-0.22853331	-3.0382175	-0.11060538	-0.087494805	1.6639775	-0.18622196	-0.9701414	0.18540698	0.14200386	-0.020863378	17.46724	0.21592477	0.073255904	-0.032815687	0.97581345	-3.8759663	18.622213	0.08059057	-0.0022702827	0.1225349	10.573606	-0.65061593	-0.4551353	-0.028525833	0.6112844
-0.02018675	0.24379852	-0.035342492	0.37155446	0.5894583	0.41291246	1.2313439	-0.24162062	-0.38644373	0.103349805	-0.1271704	-0.5761257	-0.33138198	-0.29177618	0.2741485	-0.49355844	0.21850333	0.46815792	0.035242464	0.3404685	0.13804461	0.005114958	-0.8062164	0.24048868	0.067057654	0.14563304	0.41274616	0.41311046	-0.18267807	-0.050020263	0.38253164	-0.21779664	-1.6771859	-4.3144445	-0.5846786	-0.4608255	0.75843084	-2.3071475	1.490583	1.4255357	3.9177978	0.74015045	-1.0615053	-0.89646494	1.3669013	-1.205344	-0.91205513	-0.9744505	-0.8810667	-1.4364762	-0.46225598	-1.161413	0.27692366	-0.49968407	0.30381516	-0.7969882	-0.1862464	1.0719682	-0.03671377	-0.29878405	0.23430738	0.19461349	0.014395648	-0.15541287	-0.18277517	-4.1719823	-0.5492585	0.71589607	1.8385929	-3.1783028	0.60396796	1.4271178	0.7245435	0.39900002	6.6475024	-6.3945656	-2.7942712	7.428206	-1.1519462	2.033521	-0.9708233	0.35828036	-1.0552678	1.6020519	0.11398507	0.4437576	0.20557438	0.71513224	-1.4289423	-0.04429462	-0.5759797	0.1450994	1.984169	0.3100347	-0.08598969	-0.56040823	0.62438023	0.1529992	-0.06634757	0.88407016	1.1832213	-0.12852092	0.29480287	-0.26677412	-0.4005101	0.40471888	1.5037718	-0.92432797	0.3679334	-0.9249692	0.971745	0.22044559	-0.28844163	0.30207154	0.07725203	1.1077605	0.06907087	0.50303674	0.6763364	0.31736597	0.12796184	0.094436556	1.5682946	-0.26072267	-0.3190486	-0.32480422	1.2806314	-0.10038728	6.964374	-0.72625506	1.732408	-2.4557838	-0.034492433	2.042388	2.2935226	0.7286972	0.9886394	-1.8335278	1.7760338	1.5091226	-2.445237	1.65725	0.5257606	-0.81926495	0.3496922	0.4050686	0.19124006	1.0228415	2.4675295	0.31927323	2.5591853	-0.20373946	-0.3187335	-0.35984385	0.8554073	-0.7332072	0.7476141	0.047339566	0.5588419	-1.5744722	0.072287016	0.99858606	0.35633382	-0.7394402	0.9181197	1.2600764	1.2963246	-0.3385976	0.71637654	0.3683535	2.687524	-2.6349134	0.7981139	-0.31422853	-0.69486773	-1.4247371	-0.67882705	-0.4259372	-0.048943795	-0.999405	-0.3762685	0.19803065	-1.4006162	0.5570707	0.6114713	1.8940885	1.0727918	-1.1502374	1.5543797	-0.27040142	-0.519683	0.7150001	0.50653917	-1.085484	0.17046466	-2.7913542	0.4514414	-0.053351957	-1.2618096	0.8948597	0.085236505	0.28657007	-0.5082952	-0.4862774	0.27837276	-0.124516614	0.4478593	-0.6405872	0.021097148	-0.3900365	0.2793827	-0.53677475	0.38049692	1.0888337	0.27078575	0.68657315	2.3132858	0.45280877	3.8618288	-2.8793101	-1.3440336	0.70905703	0.17902757	3.8845236	0.5217968	-3.6575553	0.04205073	-3.757233	-0.027523017	0.15166749	-1.6725641	3.0931978	-0.15131833	-0.030063925	-1.0671172	0.022089882	0.21943177	-0.3412263	0.91496634	0.015255281	-2.9002695	-0.015086188	-1.4883776	2.1506138	0.8668968	-0.29080915	1.0718489	0.2703361	-0.055816185	0.34014404	-1.411168	0.20841108	2.506728	1.1463909	0.030288955	-1.4246423
-0.6708455	1.7393323	-1.4290375	-0.32386604	1.9619198	-4.2792	0.91108894	-1.1108334	-0.31253302	0.11814567	0.27188176	0.3156935	-1.4698231	0.0806522	1.7125788	2.1481047	-6.718172	-4.388165	-0.5867614	-0.029478166	4.6255665	0.6643269	3.7393339	3.9600759	0.40822637	-0.01255417	2.1630757	-0.43531656	-0.17453893	-3.5329032	0.12693425	0.92909074	0.29261586	2.4416873	-0.051873315	3.0311565	1.0227227	-0.9519387	-0.50547147	0.01504675	-3.3545508	-0.47355208	0.44878474	-0.8163206	-1.6498102	0.9126487	2.0036652	-0.22179876	-4.147002	2.1484804	0.3354989	1.7072803	3.3488038	0.91892844	1.1688013	-2.430745	-0.2248019	3.8958127	1.4964691	1.5900514	-1.4146945	-2.4428203	1.5490801	-1.9707265
softsign
softsign
hard_sigmoid
