4
5	8	8	4
4.071679592132568	-3.731797695159912	-1.8593181371688843	-1.7273741960525513	7.576489448547363	-0.5995185971260071	1.5981727838516235	-1.3525269031524658
-3.2893922328948975	7.804659843444824	-1.2881762981414795	3.36110258102417	3.354067325592041	2.1020936965942383	3.4467289447784424	-2.6078314781188965
2.554919958114624	1.4243189096450806	1.8543663024902344	0.19021743535995483
-0.6172767	-1.5767608	-1.7851486	-0.3545665	-0.3562904	6.268495	0.017161451	-0.071977876	-0.01071823	-0.085951276	2.4859025	-0.16575119	0.07022324	0.0748307	0.24268965	2.2940924	-55.452347	-0.822624	0.08273832	-0.0073418217	3.9132235	-0.22948666	-0.05344939	-0.15765479	-9.319325	-0.7749295	1.0427096	0.4438319	-1.0981522	-0.6750864	-0.48789772	-0.6512337	-0.02394094	-0.10626739	-0.09305693	3.4914696	-0.75052255	-0.10316625	0.0148590915	0.18087478
0.7820092	1.1909924	-0.1339576	-2.9986067	0.5221221	-0.0046262736	-2.9519484	0.5351904	5.490557	-0.1992171	2.06321	2.5891767	-2.3398592	3.8510914	-5.5319114	-3.5043404	0.0016279577	0.9972062	-0.2881198	-0.44942328	0.6605735	0.083652504	-0.9361113	1.0476173	1.0885569	-7.8125405	11.436603	1.3671598	-1.5572716	-0.48864272	18.762922	-9.39488	1.0687567	-4.6653867	-0.33313626	0.1226955	-0.80020046	0.05190063	-1.5882822	-1.4130734	-0.55391186	-0.5803715	-0.19117697	0.55087596	-0.9803108	-0.5065205	1.306083	-2.3410344	-0.39457476	-0.25152782	-0.34307688	2.0826256	-1.6477113	-0.33051947	0.26182643	0.15727976	-0.99007654	1.5665171	-0.5941341	-0.4907602	1.288543	-0.06643544	1.5143456	0.30174524
1.5131055	0.42800486	4.2680874	-2.6877732	0.07132119	1.3504881	-0.036179516	-3.240519	-0.52751976	-0.124071285	1.9899428	-0.98140824	2.4544914	0.89600635	0.024577482	-0.05567315	-1.8857359	1.7168546	3.4894652	-2.415243	-0.14911078	1.0344678	-5.0418396	-3.8889596	-4.417045	-0.51399827	14.621249	-1.4090381	-0.121948615	10.459099	-5.1790833	-5.689682
softsign
softsign
relu
