4
5	16	16	4
-0.12037795782089233	0.33960360288619995	0.20179596543312073	0.4402838349342346	-0.26400598883628845	0.08046916872262955	0.17820651829242706	-0.440559983253479	1.1632698774337769	1.1203957796096802	1.6121119260787964	2.582599401473999	4.832219123840332	0.5493966937065125	-1.1188451051712036	-0.36859995126724243
0.06593961268663406	-0.947304904460907	0.3092789053916931	-1.223703145980835	1.057325005531311	1.5961565971374512	1.2451796531677246	-4.684508323669434	0.1779794543981552	-1.17135751247406	1.8241052627563477	2.357194662094116	-0.9735488891601562	-0.6980748772621155	1.3602627515792847	-1.6232578754425049
0.7165217995643616	0.4765991270542145	-2.145071029663086	-1.4054287672042847
0.2869853	76.41531	0.10843304	0.12668955	0.40203473	-2.4883966	-0.3991745	-0.14374031	0.553728	0.0024667704	-0.23079517	-2.1314027	-0.023089277	-0.047801316	-0.2818198	-13.567007	0.036842197	0.056036115	-0.115390375	0.06867295	-7.206255	-0.1578265	-0.9820563	-0.11329524	-0.99656475	-0.14525324	0.0516378	-0.19992445	0.8105147	-0.44934478	-5.1324563	0.60616374	0.024733063	-0.035401173	0.5078802	6.6891108	0.09334749	0.13827392	-0.060140684	0.07785552	-1.4462718	-0.12715042	-1.0056126	-0.0026411153	0.15997697	-1.0388904	0.20843786	0.47802263	-0.037384853	-1.445157	0.28197455	1.0794847	2.181296	-0.114979215	1.2813572	-0.20609644	-2.337227	-0.32279074	0.018661994	0.42009437	2.4688165	0.6134606	-4.476752	-0.28344265	-0.51710415	6.0083404	-1.0920005	-0.23378791	-0.095952734	0.58109087	-1.258006	0.17598252	0.23579475	-0.025547566	0.9351643	6.72029	-0.13412191	-0.21186098	-0.015675277	-0.28001082
0.040404543	-0.18647161	-0.03391164	1.1908165	0.060180817	0.20375168	-0.94456214	-0.28827745	-0.41409612	0.326451	1.0915068	0.39415157	0.48299533	-0.39920968	0.94438183	0.6331482	-0.026079873	0.11688336	-0.3007044	-1.5302919	-0.11750431	-0.03722007	-1.0838132	2.3293324	2.0079534	-0.22890511	-0.76692885	-0.45323414	-0.9176087	0.5426738	-1.5835302	-1.8309892	0.012539985	0.29341513	1.4799578	0.25086898	-0.6804599	-0.1507094	-0.011326291	1.2226549	0.94918483	0.07476572	0.36759257	0.7325672	-0.24691539	-0.2634478	0.3470594	1.2059895	-0.006619877	-0.12836917	0.26768932	-4.5233135	-0.05020101	-0.29263523	0.23484963	1.8770081	0.29846072	-0.40869603	-0.79658526	2.4303434	-0.9850959	-1.1851245	0.8348716	0.33004177	-0.21923168	-0.33629414	0.744603	-0.58871883	1.0972115	-0.7090629	-1.2866052	1.5943906	0.23309772	-0.62682635	0.34507427	1.0992284	0.2523311	-1.0609682	-1.0708898	-2.835001	1.5392481	-0.9583827	-0.54043543	3.3718176	-2.3700867	-0.5271415	-8.045818	-7.143499	-1.6608069	-0.86167836	3.5872216	9.823964	-0.47035524	-0.9437154	0.37164792	-5.7463512	-0.08582257	0.37353423	1.0079165	-0.63362646	0.74694425	0.04070465	0.57444954	0.57916564	0.22564074	-0.1773171	1.3372838	0.15540236	-0.74069035	0.89047086	0.024118913	-1.4150939	4.6825223	0.6179758	-2.7377517	-5.9399223	3.3038237	3.743045	-3.8098733	5.488435	-0.8771469	2.7762604	-1.7850705	0.26884183	-4.885459	0.52405643	5.1463094	-8.844277	-0.13894731	0.12830678	0.3618483	-0.97854286	0.64793354	-0.2241838	-1.0470879	-1.0814892	0.26811463	0.30440494	-0.34715107	0.3370309	0.008878139	-0.45387113	0.69764227	-2.2327385	0.013948361	0.5804341	0.40374586	0.75507045	-0.043429155	-0.02860001	1.4928247	1.848339	-1.0857704	-0.32351738	0.12367811	1.0514061	0.3283575	0.5636663	-1.3451598	1.8020785	-1.5529282	0.68271995	1.1382008	-0.26170602	-0.89657825	0.6615513	0.46746263	0.670641	-0.08994781	-0.40701675	-0.40447697	0.017348567	1.6133752	-0.12706585	1.9307542	-0.187139	0.2099339	-0.053146705	-0.08558954	2.2140782	-0.7146539	0.103305414	0.33489433	0.1806617	-0.47684005	0.2719498	0.9414634	-1.8556929	0.3332404	-1.9560031	0.48324752	1.7054713	0.4638393	0.5305601	-1.043262	-0.2647602	0.3197347	0.6515365	0.705974	-1.3931876	-1.2283973	1.1853663	-0.84899217	-0.36800244	-0.00095934275	0.5550223	0.08214067	0.25056896	1.136838	-0.00051129353	-2.179156	1.8702018	1.6463337	-1.3978978	-2.408272	2.5800712	-0.24886534	1.9529722	-0.8086402	0.1791774	-0.2434055	-0.5168823	0.30650547	1.1980976	0.8712952	0.660904	-0.19119915	3.0127506	0.25192672	0.1687626	-4.04339	2.0001276	-0.9495765	-0.69525266	0.6082676	6.9081135	-0.69854933	-5.4978447	-0.68585354	0.40810865	2.6549523	0.9632167	-1.3544731	-0.56764203	1.2790293	-0.5406719	0.8154529	-2.9259543	0.4192759	-0.8022154	-1.6357274	-1.0251886	0.19700661	0.8296075	4.864649	1.7785373
-4.6497445	1.2657561	3.3270252	-0.096200794	-0.8059105	-1.7502637	-4.2784705	-0.4037162	-0.5130066	-2.294795	0.45043772	3.3971937	0.34059805	0.03528296	-0.08231371	-0.13588536	-2.7594898	-2.0596216	0.7340711	-2.3038943	2.7681062	-2.667252	2.2254949	0.048220184	0.0914769	-1.6976815	0.361253	-0.027959518	1.914587	0.3352985	0.6146118	0.33479577	-4.313447	0.8818745	0.26846462	0.09711685	-2.408237	-3.0502236	-0.8153937	-3.604653	-0.32387123	-1.839529	-2.664172	2.4070616	-0.9422889	0.15030015	2.422135	-1.9081336	-1.0794882	-0.21268211	-0.2205218	-0.3003697	6.620174	-4.502697	-2.5096	-0.21798812	-3.3050327	-2.2608018	-0.22331274	0.07264999	5.3977795	-1.4704442	2.1793892	-1.8762656
softsign
softsign
hard_sigmoid
