4
5	8	8	4
-10.061805725097656	-0.44544386863708496	-1.7492976188659668	-4.558477878570557	0.18202434480190277	-1.2606010437011719	0.8011106848716736	8.161935806274414
-0.46513286232948303	0.6700089573860168	-2.713124990463257	-6.711808204650879	-1.530010461807251	2.2518484592437744	0.483070969581604	1.6264348030090332
2.939192056655884	-0.09397005289793015	1.7013700008392334	-0.6900468468666077
1.8437768	8.155414	0.7408887	-0.013393537	-5.9789715	-5.5995345	0.451278	-0.12717503	0.007062804	2.4132967	2.2846613	0.12076028	-0.04538828	0.013019343	0.18285313	8.751788	-1.1539466	-0.42085475	-0.18835987	-0.4657938	-5.3905773	1.4848394	0.9854446	-4.7739124	-1.4873617	1.7473541	-0.117629126	0.04685241	0.014547957	-0.08012889	-0.9463312	-27.381237	-0.36870956	-0.22033842	-0.30967706	-0.65108675	-1.7995083	-4.861124	-1.8684916	0.76196605
-0.2041702	-1.0770191	1.3562002	0.3851794	1.0114528	0.50609475	-0.15123633	0.027517537	0.88406074	0.4667878	-2.6448793	-0.8186104	-0.82516915	-3.6334445	0.06489062	-0.24276924	-0.41207176	-4.3122864	3.0636752	0.10859015	0.8825536	1.4259682	-0.1339723	-0.060907226	0.38993183	-3.2060127	4.25969	0.29394296	-0.45580292	-4.5730224	-3.1527903	0.13874984	0.21934517	-1.6962253	0.4516332	-0.06790202	0.79427326	-0.8708163	-1.2734133	-0.24077553	0.47400495	-1.2922115	3.0801604	0.5457502	2.9315395	-1.4267604	-0.6117646	-0.7383219	0.27659106	0.041364755	-0.71778107	-0.32557288	-0.2194288	-1.0037612	-0.09999412	-0.17634836	-0.5749776	2.2659125	-0.8681081	0.060973544	-1.8594303	1.2085774	1.6297698	-0.35142195
2.3108447	2.106349	3.263683	7.35124	-6.41938	0.038297117	5.0106897	-2.4582329	1.4005123	3.2171562	-0.28437528	0.09635235	0.3964741	0.13570017	-1.3933859	0.51743615	0.24051039	0.36516693	0.9504595	2.1545947	-9.315822	0.31877473	2.0871916	-9.646473	-12.427356	4.154747	6.2249093	-1.2103757	0.42323464	3.4068332	-7.128365	-1.2008951
softsign
softsign
linear
