4
5	8	8	4
3.6461668014526367	-3.126870632171631	-0.18809086084365845	-1.0789740085601807	-2.9423725605010986	2.393099308013916	-0.6059723496437073	-2.068005323410034
-0.593683123588562	-0.8296587467193604	1.476546049118042	5.9293951988220215	3.3463258743286133	2.3666741847991943	0.08980680257081985	0.300355464220047
6.100448131561279	0.8464316725730896	2.2734031677246094	7.223145008087158
0.0053694127	-1.4766583	-1.4455681	-0.22028789	0.90750295	5.0699883	-0.24416116	-0.038715966	0.04920704	0.17630029	0.37458888	-0.532643	-0.17441025	-0.19513728	0.69424105	-0.37487042	1.4165542	0.038683668	0.08566279	-0.35221595	4.888399	-0.84309596	-0.0045852144	-0.044871636	-0.24291334	3.9670918	0.8300854	-0.16842903	-0.33120847	-5.4183197	-0.16137806	0.23783456	-0.07252691	-0.20483302	-0.365277	-0.343596	1.5459818	0.09742955	-0.89144224	-1.6199715
1.1360976	1.2442186	-0.3320712	0.44516414	0.27333805	0.017029159	-1.3321781	1.6902586	0.67406553	1.3917413	-0.28386605	0.040047016	0.2260109	-0.030868065	0.559641	0.085011534	-0.9474056	-4.1361165	0.8622888	0.26983064	-0.15361461	-0.22971052	-1.5921137	0.22092476	-0.84667987	-15.240058	1.6402928	-11.807784	5.203191	-1.855071	-2.678963	-4.637785	-3.2776847	-4.4683046	2.0945907	-0.77723694	2.4346385	-0.8550601	-4.8895535	0.7435647	1.9204826	-2.8686852	3.5030732	0.39908916	4.560199	-1.9034308	-3.9280095	0.50593746	-0.07476573	-0.33465195	0.19354397	-0.1810156	0.14846133	1.3867882	-1.7189003	2.5660858	2.2874722	0.48471013	-0.4739904	0.12906106	-0.30590668	-1.4479533	-3.7427092	3.4385538
-4.009043	1.2636441	-0.3776695	-6.485012	-5.606183	3.0985732	1.1077609	1.6300173	-0.32917216	2.4201357	2.886349	-0.11566626	-0.028868575	-0.8274818	-0.46364608	-0.48990914	-2.3301349	1.3028767	0.2006971	-4.894222	-1.9147627	2.2541208	8.378595	9.372281	-12.444603	11.364129	-0.6455764	-0.4134255	0.5501521	-9.558943	2.2035694	3.044772
softsign
softsign
linear
