4
5	12	12	4
1.4457484483718872	-1.1904916763305664	-1.9877568483352661	-0.8100985884666443	-0.08038454502820969	0.6876959204673767	-1.3033527135849	-0.945769190788269	-2.876279592514038	-0.27648264169692993	0.1068439856171608	3.365464925765991
0.07351486384868622	-1.3820027112960815	-2.189887762069702	-0.45314958691596985	1.9374871253967285	-0.13166020810604095	2.59102201461792	3.637268304824829	-0.5981798768043518	-1.3269516229629517	-1.0463075637817383	2.2519125938415527
0.43345436453819275	0.08655120432376862	-0.614887535572052	-0.15500834584236145
-3.6631732	-0.4034409	-1.8483325	-0.25560305	0.098137945	1.5179962	0.10409451	-0.12887426	0.01864885	1.1557069	-8.663611	0.69623137	-0.052645117	-0.20505337	1.711236	10.652789	0.00442059	-0.07387372	-0.32570153	-0.22823767	-0.10419225	6.03736	0.095141426	-0.1648521	0.33660898	-16.05489	0.1792785	-0.030288957	-0.045713246	-0.029137466	7.38672	1.1187925	-0.47410172	0.14762326	-0.51110786	13.043949	-0.60324347	0.021842282	0.100439526	-0.19793102	3.655693	2.3609526	0.14295413	0.057696745	-0.61150277	0.03623647	-10.744978	-0.31493258	0.22410505	-1.127363	-10.394214	0.25685742	-0.084438816	-3.3889601	-0.3764845	12.435174	1.613061	1.1218807	4.057905	1.97372
-0.4706601	0.63992316	-0.6888211	2.8583	-0.97757465	-0.0112143345	1.3524262	1.3648529	-0.7614653	-3.6612878	0.9130736	0.09603269	-0.85976565	1.7917938	1.9187285	-1.8665723	1.3440764	-2.227986	1.1661277	1.5596998	-1.7808254	-0.24454911	-1.2640339	-1.7910664	0.0008237758	-0.11139235	-1.1159362	-0.023249682	-0.09857001	-5.710337	-0.02302088	-1.0880696	-1.3305951	-0.009674773	-0.23405935	-2.0686047	0.08283376	-0.6464464	0.3288959	0.940663	3.3115308	-0.3650482	-1.8473642	-0.109270014	-3.0634336	5.07767	0.3324971	-0.27323586	0.081037804	2.9380836	0.24128228	2.5541284	-0.60241467	0.114439525	-1.1469737	0.11772156	1.4308288	0.53784066	0.33328134	2.0525157	0.1731459	-0.19074376	0.52362645	-2.5110104	-0.94388926	-1.77924	-0.7103329	-2.9590533	3.7983644	-0.8738504	0.2633278	0.55150384	0.11444497	2.6355305	1.318546	1.5513203	-2.816972	-0.44066438	0.062906496	-0.8870269	-0.5793978	-0.22256407	0.21018167	2.748644	-0.8247049	-1.5596981	2.9930222	0.4674901	-1.5359025	3.5938573	-0.45379207	0.6508891	-1.5879166	1.932187	0.37475675	3.4957447	0.13288902	-1.6479244	1.3669277	-3.8371398	1.2170604	0.11580984	-2.2448387	-0.1393903	-0.5729779	3.2412672	-0.15200123	-1.4742798	-0.6376846	-0.12013315	-1.5601112	2.3142095	1.6720871	-0.3644779	0.035276864	-1.4250284	-0.62723356	0.22043079	0.9693605	-1.3281629	-0.34740478	2.497406	-3.202983	1.4325795	-0.10690936	-0.16817169	-1.2367096	-0.47051516	1.4509044	-2.0605927	2.005422	0.097971275	0.93772835	-2.8211062	3.9916902	0.3117889	0.73361695	3.9172351	1.0302399	3.1479506	-2.0955596	0.97416055	0.535884	2.744119
0.47980037	-0.28423434	-0.76162636	-0.26768482	-0.41715372	0.13127957	2.5940452	-6.1307755	-1.9252813	0.4938582	-0.45930898	-1.0421563	-0.20709233	-0.45957363	-4.2165117	0.20435177	-0.40360808	0.11162033	0.87107164	0.28633296	-0.23408452	0.18464299	-0.0658176	-2.3964562	0.16259773	-3.4144418	-0.16602689	-0.72668594	-0.07166662	0.27917764	-1.3437277	-3.988347	-0.7920845	0.7128153	0.5629336	1.2707107	1.663802	-1.4788474	-1.0224138	-0.8778732	-0.67513424	0.5235247	-2.4426277	0.33900487	0.1876528	-0.9440347	0.14013448	-2.8038518
softsign
softsign
hard_sigmoid
