4
5	12	12	4
0.49632179737091064	-3.348778486251831	0.39505714178085327	2.3020031452178955	0.5039848685264587	-0.32637080550193787	-1.0960078239440918	-1.861367106437683	-0.0481983907520771	-0.026129374280571938	-5.762574195861816	0.8542979955673218
4.51949405670166	3.1617746353149414	0.40088555216789246	-0.49268949031829834	-0.08254947513341904	1.3806151151657104	-1.1049052476882935	-3.607043981552124	-4.2093892097473145	-0.6466706395149231	-3.4377903938293457	-0.8301153182983398
0.9254145622253418	1.8136392831802368	-1.3511440753936768	0.06926365196704865
-5.2019124	0.461232	-0.44042328	-0.0045635584	-0.057089034	-7.204986	0.085695535	0.005440514	0.047295853	3.41318	4.844762	-0.9427179	-0.13526374	-0.035615068	-0.28167552	7.022993	5.532441	-0.02957873	-0.001610266	-2.5567763	-2.0911944	-0.34740418	0.760388	-0.02799062	0.30121246	-0.055733558	0.3602969	0.40439928	0.29967183	-0.32754055	-28.408867	-1.1590871	1.0169553	-2.741916	-2.8119574	25.286854	-0.50817776	-0.14133738	-0.110195175	0.22412607	0.06061361	0.47186396	0.20724572	-0.37671798	-0.44341725	0.15492597	-16.69714	0.015023664	-0.009216596	-0.10937164	-0.0623412	1.4130318	-10.840424	-8.137362	-0.695698	-24.734661	-0.052359164	0.097445145	-0.10384139	-0.17740469
3.7324593	0.17716885	2.724221	1.4867125	-4.3307357	-3.2204785	-4.300572	1.0823264	0.6698391	6.0595713	-3.156216	5.7652597	-1.585	0.3059134	0.25568742	-0.19459492	-0.6513849	0.21356805	-4.3694615	0.38639358	0.68786955	4.7126894	-1.3952826	4.945708	0.28936267	2.0695434	0.57869196	-0.8457955	-0.4410496	2.5817983	2.6451612	2.6571455	0.8737558	-2.999185	1.2164831	-0.39871386	-0.085986964	-6.6757717	2.5300617	-6.8906813	0.4202493	1.9068304	0.4617266	0.4560877	1.4974396	-10.2516985	0.060698148	0.48244053	-0.8402684	-0.45616406	-0.3107618	0.22252269	-1.1790013	0.6174496	0.66764456	1.8920052	-0.33189622	-0.1461128	-1.5182191	0.12251431	1.6474965	2.4298694	0.76088935	-1.7224787	-2.0103786	0.8601051	-0.81772065	0.12624878	-2.0076287	2.4061782	-4.8391886	-0.24935491	-0.072954535	-1.0302253	-1.073535	-1.8895524	0.24092048	-0.15382108	-1.0392178	0.17954585	0.45420253	-2.701284	1.3088207	-0.086769804	0.6390932	-2.0626097	0.49854687	0.85040903	0.306604	1.0456635	-0.25898436	-0.87619084	-0.3703495	-1.6190698	1.2230324	-0.025706293	-1.2950115	-0.8775948	-6.402074	-5.6737537	-2.5516865	3.3845026	2.9484165	0.23306037	2.500124	-4.7247887	3.1112971	-11.796619	0.43779433	-1.0054688	-1.1109879	-1.4238805	-0.38326803	-0.10879577	-1.0996841	0.531443	1.0256457	0.8452631	-0.769728	-0.20573711	-0.78177726	-1.6005138	0.91975176	-0.27411342	-0.43131372	-0.09723989	1.9533398	-0.98191994	-0.2844851	-0.030778224	0.6248822	-8.056833	0.38725016	4.60251	0.019440839	2.4002566	0.7313883	-2.9189842	0.8345351	0.36324227	2.5389984	3.5968835	-1.350036	-0.24838465
1.8610736	-2.2862923	0.21102464	0.3162104	0.26232198	0.5850732	0.07322619	0.5425161	3.454408	0.27342921	-0.29799116	0.08347259	-0.6023273	-0.29618713	-2.4408145	-0.0646666	-1.2163855	-0.16561317	-0.29623106	0.28727323	3.9498706	-0.18208578	-2.969485	-0.40829962	4.889547	-1.4411104	0.20001467	0.26256672	0.03396278	-2.2596085	0.47789437	0.53111655	2.9169385	0.65654653	-0.27960488	-1.3229729	-0.7326895	1.5128158	-4.0952477	0.3280333	-0.034756336	0.6266397	1.0959464	3.7438118	4.2912264	0.5552505	0.007877756	-0.14831492
softsign
softsign
hard_sigmoid
