4
5	8	8	4
1.533941626548767	1.5939170122146606	2.33844256401062	5.1459527015686035	0.9459714889526367	-2.693002700805664	0.9303040504455566	1.087509036064148
2.0784378051757812	3.092393398284912	-1.1776444911956787	-2.1762948036193848	-6.735325336456299	0.1558888852596283	-0.9093062877655029	-0.3875953257083893
1.3981132507324219	1.8665475845336914	2.9643425941467285	-0.8426094651222229
1.1043973	-2.0446248	-0.6857633	0.78409684	2.377953	-2.6919584	0.53271383	-0.023689983	0.009479306	0.05726959	2.484643	-0.0062367585	-0.07639892	-0.050735332	-3.6165526	-1.4462062	-1.0954797	-3.087545	-0.38589174	0.75536567	-1.4137772	-27.816511	-0.4587197	-0.23434997	-0.46203738	4.7411795	0.05997036	-0.21282923	0.0745886	-0.17709222	-1.3335577	-0.5436534	0.0002913575	0.073649846	0.5286392	-1.755045	-0.047161773	-0.12687364	0.0019673924	-0.101849355
-0.025917333	1.0640002	-0.31400585	-0.30782688	-0.043045502	-2.7012436	0.014120871	2.476233	0.4558103	2.5911686	4.716736	-0.10789032	4.5197673	-3.240683	4.201106	-0.5398512	-3.1090858	0.68820035	1.0575463	1.4997128	-1.2994255	0.2658564	0.5799724	-1.1447569	0.30808982	-0.31718665	-0.005980353	1.1420188	0.7225049	1.1861504	0.8264002	-1.7587986	-0.759346	6.933857	-0.8731297	-0.49498987	0.15951361	13.553023	-0.55472124	-3.292535	-0.07732182	-0.093252495	0.02915685	-0.49774608	-0.20819505	0.23751645	-0.20262621	0.3143337	0.047590807	-0.10063973	0.16467191	0.28307045	-0.047120083	1.0106037	-0.08936919	-0.8547987	1.2401246	5.4541035	-1.2832377	1.9283576	0.39844507	0.11552357	-0.5372805	-3.9263265
1.4807761	-0.018823972	0.11305642	-5.8623767	4.8711443	-5.419596	7.480776	1.2098757	3.6480227	0.4275955	-0.15272617	0.71061474	1.2474322	1.2341328	1.3543072	-0.12720697	0.19648029	-0.0922765	4.369597	-1.9742708	2.5765114	-7.8621497	1.1714634	-0.92751867	-0.20764008	5.926668	0.7273428	-2.0535624	4.31491	9.385598	0.15555966	2.6897547
softsign
softsign
relu
