4
4	8	8	4
-0.034637223929166794	-0.24229352176189423	0.45530638098716736	0.009966573677957058	0.3194480538368225	0.39614975452423096	0.021234283223748207	-0.03255533427000046
-0.28444698452949524	0.38368895649909973	-0.10813675820827484	-0.1329515129327774	-0.24228082597255707	0.21154049038887024	-0.4571092426776886	0.5038120746612549
-0.32226791977882385	0.8903130292892456	-0.32075637578964233	-0.05251121148467064
1.7636046	-0.015948134	0.25294337	0.5907746	0.2562263	-2.9017212	-0.5342954	-0.062433157	1.7585957	-0.38087428	-0.03422903	0.4470252	-0.1732204	0.86258775	0.06752416	0.9667039	1.2446126	1.2750962	0.7120105	-0.11641571	-1.5514648	-0.3743367	0.7237329	1.1489015	0.03357895	-11.170401	-0.0093436595	-0.0027648718	-2.7850318	1.7468554	-0.006007352	0.0012599566
0.87421685	1.2983787	0.59017044	-0.9197481	-0.25600097	0.0642234	-1.1193951	-0.20698266	-0.100528695	-0.39938462	-0.515047	-0.12778646	0.18805192	-0.044394463	-2.4292355	-0.15438282	0.23908773	-0.540955	-0.34100097	-0.12485259	-0.65839833	0.31534797	0.6022193	0.43582988	0.14699072	0.46922427	-0.4188107	0.5787172	-0.33169776	-0.056670807	0.2599833	-0.19984317	0.8039375	1.4251431	0.84167355	0.0997817	0.51320845	-0.7813918	-5.719016	-0.36970928	-0.8119304	0.53782874	0.81965536	0.8305265	0.78000945	-0.5613769	-4.4885526	-0.85598594	1.7857373	-1.1445991	1.064352	-0.36954176	0.44560444	-0.98206806	1.1562966	-0.20138039	-0.5796604	0.9237437	-0.92916566	-0.11799289	-0.8806459	0.65333354	-1.2740445	0.65694016
1.1223316	-0.13580567	-0.09696329	0.6883819	1.1758593	0.86140573	-1.3220264	-2.5161846	-1.7475355	-0.0050796997	-0.06656661	-0.33229947	-0.27036417	0.17284134	-1.7568383	-0.14520036	1.1094981	0.4545339	-0.3496832	-0.16773078	1.1415299	0.8563341	-1.2891095	-2.7503777	0.17205228	-0.45989195	0.41201425	0.7864044	-0.25674167	-0.5231419	0.2412292	-0.8097655
relu
relu
relu
