4
5	8	8	4
0.8156272768974304	-3.363983631134033	-18.666664123535156	2.1740660667419434	1.9856384992599487	-15.073826789855957	-5.383147716522217	1.1281492710113525
0.10905297100543976	6.978267669677734	-3.7335474491119385	-0.1835435926914215	-1.3107784986495972	-6.011059761047363	-0.007683072704821825	2.17850923538208
0.8643043041229248	1.9535143375396729	1.3258373737335205	0.2342602163553238
-1.1808211	130.4986	0.67308855	0.04527918	-0.05462099	5.341439	-0.04891414	-0.02625347	0.008990185	-0.026073184	5.6971345	0.25001553	9.544682	2.6526995	2.9008884	-3.9490795	-2.642767	0.04663655	0.124838255	0.4123019	-3.3687813	-0.029217687	0.36290312	-0.8420121	-0.1866292	-5.863859	0.011456168	0.059394866	0.32919303	17.816956	7.7550273	-2.1099	0.060710415	0.030873965	-0.10444436	-5.4463344	-1.5228962	-0.0714164	-1.3961484	-3.499872
-1.4010751	-1.1893837	-0.909546	0.7545148	1.6506946	0.9711566	1.6347429	-3.8498886	-4.4275346	0.1015402	-0.3919692	1.8607601	0.053842224	3.486618	0.08615982	-2.1264596	1.7196381	0.56927156	-1.6358589	-0.76321954	-1.6105993	-1.1877168	-1.0380995	2.418282	0.018251548	-8.30143	-1.3981125	-0.92144465	0.03616521	0.29138216	0.48179105	-1.6024727	3.4332852	-0.091547966	3.1957648	-1.4541429	-1.159445	-2.5277894	-0.061080344	3.7146926	0.30773816	8.187231	1.2586619	1.9207162	-0.6510553	-0.3394882	-13.527494	4.3883877	-6.4080157	-6.0429926	-4.9711733	5.0955596	-0.463617	4.5794005	-0.21219791	-14.185448	-0.013445581	-4.6744847	0.19173588	0.7997768	-0.59688115	-1.1928179	-0.61398447	2.7332072
0.55422175	-0.03140688	1.5606657	-0.06758704	-0.24629766	2.9250352	-0.2751075	-0.104749255	-0.13735321	0.10014474	-0.31046796	2.580435	0.11499638	3.105894	-0.05742847	1.3310798	0.5442043	-5.3941016	1.0918868	-0.105344504	-4.0056963	1.8976774	-0.45037052	-0.0029300263	-1.7647054	-4.427002	-2.066182	0.055271003	-0.3332095	2.7414944	3.2412765	-0.28337166
softsign
softsign
hard_sigmoid
