4
5	8	8	4
1.7741128206253052	-3.4422264099121094	2.657167434692383	-0.047578271478414536	5.5109148025512695	4.147704601287842	1.0514482259750366	1.078238844871521
0.9003766179084778	-2.301906108856201	-0.29251983761787415	-1.4453957080841064	0.46392571926116943	-1.6648778915405273	0.5603472590446472	4.120335578918457
-0.22569260001182556	0.07005924731492996	2.972409963607788	-3.2072832584381104
-1.8532073	5.3221574	0.14447969	-0.27008486	-0.042991217	4.6212664	0.09510221	-0.013081372	-0.0052384525	-0.15893991	2.1358106	-0.56880087	-0.0051839733	0.0028010376	-3.1017559	0.120631926	11.20438	-0.037760835	0.050900687	0.033894658	-4.833907	-1.9419222	0.3269445	-0.24286029	0.3023756	-4.2581573	-0.040079765	-1.6787632	-0.5190128	-0.2427797	-0.29302913	-0.7065081	-0.043360293	0.1450872	0.36870015	0.547742	-0.25138286	0.0036992438	-0.033010166	-1.2333179
0.03482221	-1.5059719	-1.81613	0.021359721	-0.6716586	-0.0004094903	-0.3311439	1.3477062	-1.9956515	0.9230679	7.5451574	0.6931899	6.3301044	0.011986204	-7.556954	-6.485014	6.759185	0.34202754	-7.245304	35.058468	4.5039725	-2.1740108	-3.078909	4.417785	-0.31172013	-0.30530816	0.978671	1.3953508	-0.16439977	-0.052580304	0.35459623	-0.9584295	-0.019923406	-1.1075954	-1.4840909	0.00894533	-0.42184362	0.0023707433	-0.21171781	1.1159467	-0.6112726	-0.75698656	1.2561506	1.8928688	-0.26885244	-0.06595786	-0.16822529	-0.80743146	-0.18719074	-1.8302042	-1.7217145	-0.013559366	-0.066472754	0.00096274377	-0.6920915	1.3565829	0.70435876	-2.3368838	-3.0507417	-3.8590777	0.37267348	-0.9590446	0.07202851	2.1545196
14.812076	-0.48677447	0.9210862	-2.0553005	-4.576502	-0.13197638	-10.560345	-2.8660023	8.976	0.0413579	-0.048086982	0.6778674	-8.468037	-0.73689526	1.9965091	0.023786196	5.7026887	1.84646	0.83029425	-9.129061	0.28425238	6.679135	-3.566953	-5.376824	8.715782	-0.6019073	1.2114832	-16.215384	-4.4455447	16.057943	-4.7593355	3.0649564
softsign
softsign
relu
