4
5	6	6	4
0.03880022466182709	-2.2321135997772217	-2.4544146060943604	-0.29524680972099304	-0.37223830819129944	1.911647081375122
-3.055152416229248	-3.002744436264038	-0.21118037402629852	-0.7302846908569336	2.836458921432495	-1.0718868970870972
0.29586243629455566	0.27939221262931824	-1.9404070377349854	-1.0772651433944702
1.4746126	-0.06515533	-0.7039716	-0.18681529	-0.09111941	-1.104258	2.5302572	0.36741552	-0.19363944	-1.2359154	3.1869075	0.56985116	-0.24120523	0.26293308	-0.3199704	0.37953424	-7.0170197	-0.19429435	0.020978352	-0.42981386	1.0209972	-0.09353227	-0.0016252307	-0.09966917	-0.07623575	-2.9486148	0.09361376	0.016109927	0.08125939	0.06358695
1.0949528	3.0451393	3.603984	-3.0552495	-3.149617	-0.29600805	0.47126845	0.18448254	0.3723041	-2.401993	0.5557132	-4.1574	-0.29004034	-0.8767955	0.2277428	0.021435171	-2.2390308	-2.4598188	-0.57018805	-1.4373901	0.8333363	-0.29599085	-0.18206319	-1.4547127	4.325367	1.206039	-3.5548718	0.9432289	-5.10183	-1.622646	0.038317066	1.442892	0.0675328	-1.1392441	5.7328653	2.065961
4.850023	0.34563074	-5.0459642	5.070306	1.6946877	0.17617033	1.778156	-1.096326	-12.8624325	2.6915102	-1.5802988	-1.6952604	2.5845718	0.58618903	-1.5035263	2.2964604	4.8017254	3.50601	3.7712753	-5.719754	-4.562649	5.6420355	-0.96497226	3.8770003
softsign
softsign
hard_sigmoid
