4
5	8	8	4
-0.38991108536720276	-1.458518147468567	4.708897113800049	2.775205135345459	-0.48889297246932983	0.5614936947822571	1.9073971509933472	4.100186824798584
1.5008717775344849	-1.2700090408325195	1.5164670944213867	2.5600171089172363	-2.038050413131714	1.711632490158081	0.46929460763931274	1.1730037927627563
0.8446783423423767	0.49709051847457886	1.3420422077178955	-0.6429251432418823
-1.6238196	-0.78340995	0.67325115	-3.0820735	-3.1900752	2.2196183	0.002042599	-0.067003295	0.03888812	0.20342875	-3.4776704	-2.4352467	0.8481292	-0.13558131	0.889834	-2.4958355	-0.13020045	-1.4797213	-0.59376967	-0.10226238	-3.3488216	-7.666487	-0.051877383	0.35640198	2.615031	-0.7075208	6.382096	0.0046809614	-0.016631983	0.01610516	-2.3830495	0.025335724	-0.0642091	0.015849223	0.9021751	2.47538	-0.19354057	-0.022115126	-0.14730592	-5.1633396
1.3123695	4.2321196	-0.24057531	0.009418454	0.45443878	1.08213	-2.0927968	-0.009580162	0.0034281497	2.900197	0.88821876	-0.051001746	0.008353593	0.04788098	-1.2190926	0.8503911	0.24211101	-3.3079782	-0.12694615	0.093635984	0.09168079	0.034013532	1.1305805	-1.4649681	-0.40898618	-1.7363006	-0.13437152	0.29740056	-0.33394104	-2.028287	-0.5795498	-1.1199523	1.8706521	4.9236846	-0.27422687	0.23547803	0.37732318	2.6884675	-0.15117948	1.1551696	-0.88280994	-0.13143608	0.18348071	0.1460497	-0.54339176	-2.136169	-0.6801644	-1.1551267	0.2141773	-1.1867274	-0.3670066	-0.0075304885	-0.0069135088	0.024573367	0.6011504	-0.4724531	-3.5334136	7.4928484	-2.4607863	-2.1267972	-3.4717898	40.068233	-5.3888354	-6.777261
0.9702041	-5.8586693	-3.5739288	-0.8611755	1.6822938	0.9411799	-1.1553824	0.27924028	0.10923641	-4.128824	0.4129682	-0.85171324	-0.43872625	0.19197579	-2.7397351	0.003014722	0.14770941	-1.7096431	-1.0074362	5.936326	2.3684886	-6.093667	-1.4905267	0.33427083	1.046327	-6.968096	-4.206419	-0.2910124	-4.1237655	-4.328181	-2.7294147	0.253341
softsign
softsign
relu
