4
4	8	8	4
-1.3273050785064697	-0.748478353023529	-1.2874901294708252	-2.0897066593170166	-0.9901397824287415	0.4214860498905182	-0.3744167983531952	2.9498274326324463
-0.7383061647415161	1.861365556716919	0.3514157235622406	2.4962029457092285	1.6586235761642456	-0.4251895546913147	-0.4128579795360565	-0.8444539904594421
0.3618740141391754	0.5752127766609192	0.11080893874168396	0.5190091133117676
2.2695003	-0.26187477	0.0054161865	-0.028978763	1.1079302	-0.08393649	-0.0603574	1.0346515	-2.3825166	1.2061826	0.7991133	0.25770965	3.7613752	-0.19243336	0.011648636	-0.008514573	0.9961137	0.44874087	0.100174345	-1.619395	-0.4398335	0.47992253	0.030831618	0.0746303	-1.2247187	1.3199654	-0.016070975	0.018945565	-0.37337038	-1.2619178	-0.7884024	-0.20049179
-1.7554691	-1.840454	0.621809	-0.62590903	-2.8594587	-0.61182576	0.40981317	0.48886815	-0.35615003	0.6327904	1.3349775	-8.399206	0.5597846	1.5644072	-4.4409757	0.95778996	-1.2170106	-0.4738072	-0.5886027	-1.0365642	-0.73615193	-0.9302444	0.38314015	-1.014902	6.5928483	0.003450511	0.83738476	-12.263497	0.012353828	3.2466571	-4.992891	0.994289	1.6620197	0.3477669	-0.2622024	-5.136073	0.38075474	-0.805201	0.09634011	-0.9563318	-0.13814795	-0.14497949	0.0146092	1.5133175	-0.15129317	0.32224482	-0.26738304	0.1999347	-1.4724834	-0.12086402	0.27906632	-1.6119518	-0.2102047	-0.74587244	-0.88371956	0.19148205	-2.7888958	-0.13359526	-0.72086245	3.8060732	-0.11445027	-0.63974243	-0.71203995	-0.716721
0.0009517126	0.07835164	-0.15443839	-0.8115219	-0.53883016	1.4592131	0.1813978	-1.9809717	-0.05617965	0.63152486	0.13664582	-1.1656606	1.4955064	1.5483729	-0.0011341443	-0.7504758	-0.65072906	0.06784992	-0.832127	-0.65805715	-0.58013237	0.35083312	0.20438205	-2.5032043	-1.2684808	2.4222045	2.5324214	-2.8255603	-0.54761076	1.818744	0.20562448	-0.649759
softsign
softsign
relu
