4
5	8	8	4
-0.9948234558105469	-0.6902967691421509	-0.1909179538488388	-0.06232621893286705	0.3724369406700134	-0.17529968917369843	-0.08701992779970169	-8.290801048278809
1.679050087928772	-2.8165242671966553	-5.401294231414795	-0.046347711235284805	-0.626022219657898	-12.76009750366211	-5.807991981506348	0.042614325881004333
1.0596749782562256	2.9162259101867676	-1.6650489568710327	-1.219910979270935
-0.004215545	0.05308259	0.14851941	-0.21027236	-1.0183713	8.708545	-0.35389614	0.0016647534	0.02314117	-0.091481015	4.0949054	-0.039326362	-0.28311235	-0.30851063	0.5821144	-0.014658903	0.6767429	-0.03213883	-0.006058402	0.03051347	-6.7048616	0.34668806	0.16760835	0.061943825	0.2757022	15.42958	-0.20333011	-0.07564907	-0.0295786	-0.011437013	-0.34878394	58.640438	0.6341152	0.07733763	0.10166013	-0.65108955	0.7811499	6.9732924	1.606694	-0.6818153
-10.366751	0.11519746	-0.07340223	-0.90425223	0.073082864	-2.89507	-5.078004	-0.17441021	0.7583561	-2.066032	-1.2984215	0.539081	-1.4126946	1.7730504	1.8899337	0.38969555	-1.2113817	-1.9807689	-0.56626135	1.7303125	-1.303794	2.74082	1.3920426	-1.8031046	2.2430272	0.15879034	-0.23532407	-1.8976785	1.6654328	-2.8208728	0.11016613	-2.9007049	-0.12664561	-2.4176095	-0.124169394	-0.48665944	-0.3307726	0.44580096	0.011960493	-0.029913666	2.4351773	-0.64465535	-0.35828492	13.526395	4.3574705	13.564972	1.033958	0.12233473	-3.078262	2.6620085	3.0410304	0.32051638	3.1382852	-1.2747529	4.3548717	2.053116	7.0276227	1.9499321	1.7714899	0.29466715	2.793183	-0.5164427	3.7755046	0.09901829
-0.13056141	-0.24301405	2.1732702	-0.22377917	0.41318917	2.544299	0.022061238	-0.17719868	-0.009718354	0.5797928	-1.0263661	0.23635508	7.6864705	2.5415204	0.30654854	-0.08581416	1.709418	-1.2872481	2.1899607	0.89063275	-0.96213895	2.2605963	-4.002439	4.086401	5.47938	4.2854285	-0.3529812	-1.4949509	2.3909051	2.7392633	-3.54272	4.289251
softsign
softsign
hard_sigmoid
