#   k         vct_a(k) [Pa]             vct_b(k) []
    0       0.00000000000000000       0.00000000000000000
    1      20.00000000000000000       0.00000000000000000
    2      38.42534255981445312       0.00000000000000000
    3      63.64780426025390625       0.00000000000000000
    4      95.63696289062500000       0.00000000000000000
    5     134.48330688476562500       0.00000000000000000
    6     180.58435058593750000       0.00000000000000000
    7     234.77905273437500000       0.00000000000000000
    8     298.49578857421875000       0.00000000000000000
    9     373.97192382812500000       0.00000000000000000
   10     464.61813354492187500       0.00000000000000000
   11     575.65100097656250000       0.00000000000000000
   12     713.21807861328125000       0.00000000000000000
   13     883.66052246093750000       0.00000000000000000
   14    1094.83471679687500000       0.00000000000000000
   15    1356.47460937500000000       0.00000000000000000
   16    1680.64025878906250000       0.00000000000000000
   17    2082.27392578125000000       0.00000000000000000
   18    2579.88867187500000000       0.00000000000000000
   19    3196.42163085937500000       0.00000000000000000
   20    3960.29150390625000000       0.00000000000000000
   21    4906.70849609375000000       0.00000000000000000
   22    6018.01953125000000000       0.00000000000000000
   23    7306.63134765625000000       0.00000000000000000
   24    8765.05371093750000000       0.00007582349644508
   25   10376.12695312500000000       0.00046139498590492
   26   12077.44628906250000000       0.00181515607982874
   27   13775.32519531250000000       0.00508111901581287
   28   15379.80566406250000000       0.01114291045814753
   29   16819.47460937500000000       0.02067787572741508
   30   18045.18359375000000000       0.03412116318941116
   31   19027.69531250000000000       0.05169040709733963
   32   19755.10937500000000000       0.07353383302688599
   33   20222.20507812500000000       0.09967469424009323
   34   20429.86328125000000000       0.13002251088619232
   35   20384.48046875000000000       0.16438432037830353
   36   20097.40234375000000000       0.20247593522071838
   37   19584.33007812500000000       0.24393314123153687
   38   18864.75000000000000000       0.28832295536994934
   39   17961.35742187500000000       0.33515489101409912
   40   16899.46875000000000000       0.38389214873313904
   41   15706.44726562500000000       0.43396294116973877
   42   14411.12402343750000000       0.48477157950401306
   43   13043.21875000000000000       0.53570991754531860
   44   11632.75878906250000000       0.58616840839385986
   45   10209.50097656250000000       0.63554745912551880
   46    8802.35644531250000000       0.68326860666275024
   47    7438.80322265625000000       0.72878581285476685
   48    6144.31494140625000000       0.77159661054611206
   49    4941.77832031250000000       0.81125342845916748
   50    3850.91333007812500000       0.84737491607666016
   51    2887.69653320312500000       0.87965691089630127
   52    2063.77978515625000000       0.90788388252258301
   53    1385.91259765625000000       0.93194031715393066
   54     855.36175537109375000       0.95182150602340698
   55     467.33358764648437500       0.96764522790908813
   56     210.39389038085937500       0.97966271638870239
   57      65.88924407958984375       0.98827010393142700
   58       7.36774301528930664       0.99401944875717163
   59       0.00000000000000000       0.99763011932373047
   60       0.00000000000000000       1.00000000000000000
